detected_pump,real_pump,model,1_1,,,1_2,,,2_1,,,2_2,,,3_1,,,3_2,,,3_3,,
2,2,1,-89,-87,-88,,,,,,,,,,,,,-89,-89,-89,,,
4,4,1,,,,-89,-89,-88,-81,-81,-82,-89,-90,-92,-87,-85,-85,-78,-78,-78,,,
3,3,1,,,,,,,-73,-72,-72,,,,-91,-90,-90,,,,,,
3,3,1,,,,,,,-78,-78,-77,-91,-107,-120,-88,-88,-86,-90,-90,-106,,,
4,4,1,,,,-93,-91,-91,-69,-71,-73,-86,-85,-85,-120,-120,-120,-79,-80,-79,,,
2,2,1,-79,-82,-79,,,,,,,,,,,,,-85,-85,-88,,,
3,3,1,,,,,,,-79,-78,-78,,,,-85,-84,-85,-90,-90,-90,,,
5,6,1,,,,-68,-69,-69,,,,,,,,,,-91,-90,-89,,,
3,3,1,,,,,,,-78,-81,-84,-89,-89,-89,-86,-85,-84,-105,-90,-90,,,
3,3,1,,,,,,,-80,-80,-80,-107,-120,-120,-83,-83,-84,-108,-120,-120,,,
5,5,1,,,,-81,-80,-80,,,,,,,,,,-85,-85,-86,,,
1,1,3,-79,-79,-80,-88,-88,-87,,,,,,,-70,-70,-68,,,,,,
5,5,1,,,,-82,-81,-82,,,,,,,,,,-86,-87,-80,,,
5,5,1,,,,-78,-77,-78,,,,,,,,,,-80,-81,-79,,,
5,5,1,-88,-89,-88,-72,-71,-71,,,,,,,,,,-74,-74,-76,-92,-89,-90
5,5,1,,,,-81,-81,-81,,,,,,,,,,-82,-82,-83,,,
5,5,1,,,,-79,-79,-76,,,,,,,,,,-82,-81,-79,,,
5,6,1,-90,-90,-90,-77,-77,-77,,,,,,,,,,-78,-78,-84,-84,-84,-83
5,5,1,-88,-89,-105,-75,-73,-73,,,,,,,,,,-72,-71,-74,-88,-88,-92
7,7,1,,,,-90,-92,-90,-88,-91,-92,-75,-76,-75,-120,-90,-90,-88,-88,-87,-90,-89,-90
2,2,1,-81,-79,-83,-93,-93,-109,,,,,,,,,,-87,-85,-90,,,
4,3,1,,,,,,,-74,-74,-73,,,,-91,-90,-89,-89,-91,-90,,,
5,6,1,-120,-120,-120,-78,-76,-76,-91,-91,-91,,,,,,,-83,-81,-81,-87,-87,-86
5,6,1,-90,-89,-88,-78,-78,-79,,,,,,,,,,-82,-82,-81,-84,-84,-85
5,5,1,-88,-88,-86,-73,-73,-73,,,,,,,,,,-73,-72,-73,,,
3,3,3,,,,,,,-82,-83,-84,,,,-89,-89,-89,,,,,,
4,3,1,-90,-90,-90,,,,-86,-87,-87,,,,-86,-85,-84,-86,-88,-89,,,
3,3,1,,,,,,,-88,-89,-90,-90,-90,-90,-88,-88,-88,-106,-120,-120,,,
3,3,1,,,,,,,-88,-87,-88,-90,-90,-90,-89,-89,-89,-108,-120,-90,,,
8,8,3,-88,-89,-88,-78,-79,-78,-88,-87,-87,-73,-73,-73,,,,-86,-85,-86,-69,-70,-71
3,3,1,,,,,,,-85,-87,-86,,,,-83,-83,-83,-89,-88,-87,,,
3,3,1,,,,,,,-85,-84,-85,,,,-80,-81,-81,-90,-90,-90,,,
3,3,1,,,,,,,-87,-86,-85,,,,-81,-81,-81,-91,-91,-91,,,
2,2,1,-71,-71,-71,-82,-84,-81,,,,-120,-120,-120,-87,-89,-91,-77,-78,-79,,,
2,2,1,-71,-69,-70,-83,-83,-80,,,,,,,-87,-88,-88,-78,-79,-78,,,
2,2,1,-70,-68,-68,-79,-80,-79,,,,,,,-88,-88,-87,-78,-78,-79,,,
2,2,1,-70,-70,-70,-83,-80,-79,,,,,,,-88,-88,-88,-81,-82,-82,,,
5,6,1,-91,-91,-91,-78,-78,-77,,,,,,,,,,-82,-84,-82,-88,-90,-90
5,5,3,-88,-91,-107,-79,-80,-79,,,,,,,,,,-77,-72,-75,,,
3,3,1,,,,,,,-84,-86,-84,-109,-120,-91,-89,-89,-88,,,,,,
3,3,1,,,,,,,-73,-74,-75,,,,-89,-89,-87,-89,-92,-108,,,
3,3,1,,,,,,,-74,-73,-71,-91,-91,-107,-89,-88,-88,,,,,,
-1,3,3,,,,,,,-83,-82,-82,,,,,,,,,,,,
3,3,1,-120,-120,-120,,,,-85,-87,-85,-90,-90,-90,-88,-88,-89,,,,,,
3,3,1,,,,,,,-86,-86,-84,-91,-91,-90,-86,-87,-89,,,,,,
3,3,1,,,,,,,-83,-82,-84,-107,-90,-91,-87,-87,-87,,,,,,
5,5,1,,,,-84,-82,-82,,,,,,,,,,-86,-84,-84,-92,-92,-91
5,5,1,,,,-82,-83,-83,,,,,,,,,,-87,-86,-85,,,
4,4,1,,,,-89,-88,-89,-83,-82,-82,-87,-87,-88,-90,-88,-89,-83,-83,-83,,,
4,4,1,,,,-88,-89,-90,-73,-73,-73,-120,-120,-120,,,,-89,-90,-90,,,
2,2,1,-80,-78,-79,-83,-83,-81,,,,,,,-88,-88,-89,-80,-83,-82,,,
5,5,3,,,,-78,-77,-73,,,,,,,,,,-72,-73,-75,-87,-88,-89
4,4,1,,,,-89,-89,-93,-82,-83,-83,-91,-107,-120,-86,-86,-86,-78,-78,-78,,,
5,6,1,-86,-88,-85,-78,-79,-78,,,,,,,,,,-80,-79,-81,-84,-83,-84
5,6,3,-87,-87,-87,-71,-72,-71,,,,,,,,,,-80,-81,-79,-84,-84,-85
5,6,1,-120,-120,-120,-77,-77,-77,,,,,,,,,,-78,-78,-78,-88,-88,-88
5,6,3,-86,-86,-88,-70,-72,-72,-120,-120,-120,,,,,,,-80,-80,-78,-84,-83,-84
5,6,3,-89,-89,-89,-75,-73,-72,-93,-91,-107,-89,-88,-88,,,,-80,-81,-80,-83,-85,-85
5,6,1,-91,-90,-93,-79,-76,-77,,,,,,,,,,-87,-87,-86,-84,-84,-86
5,6,3,-86,-90,-87,-67,-68,-69,,,,-120,-120,-120,,,,-76,-76,-75,-79,-78,-75
5,6,1,-90,-88,-91,-75,-76,-76,,,,,,,,,,-84,-83,-83,-81,-81,-81
5,6,1,-89,-89,-91,-74,-73,-73,,,,-90,-90,-90,,,,-84,-85,-85,-88,-86,-85
5,6,3,-87,-89,-86,-70,-70,-70,,,,-106,-120,-120,,,,-76,-79,-80,-81,-76,-77
7,8,3,-86,-86,-87,-80,-80,-79,-89,-89,-89,-73,-73,-73,-108,-120,-120,-74,-74,-74,-83,-85,-81
5,5,3,,,,-79,-79,-79,,,,,,,,,,-77,-74,-76,-90,-90,-106
2,2,3,-73,-73,-72,-88,-88,-89,-88,-89,-89,,,,-79,-79,-80,-73,-74,-73,,,
2,2,1,-84,-84,-84,-89,-89,-90,,,,,,,,,,-82,-81,-81,,,
2,2,3,-72,-72,-72,-85,-84,-87,-89,-88,-88,,,,-82,-82,-80,-73,-77,-73,,,
2,2,1,-83,-85,-84,-88,-88,-88,,,,-109,-120,-120,-107,-120,-120,-81,-80,-81,,,
2,2,3,-76,-75,-75,-86,-85,-85,-90,-106,-120,,,,-80,-83,-80,-71,-71,-73,,,
2,2,1,-85,-80,-81,-89,-90,-91,,,,,,,-86,-88,-85,-79,-79,-78,,,
2,2,1,-80,-82,-80,-90,-90,-90,,,,,,,-90,-88,-87,-78,-79,-79,,,
2,2,3,-74,-78,-75,-86,-86,-86,-91,-91,-89,,,,-81,-79,-79,-72,-72,-73,,,
2,2,3,-70,-69,-68,-81,-81,-82,,,,-91,-91,-107,-89,-89,-87,-81,-80,-79,,,
2,2,1,-66,-66,-66,-80,-80,-81,-90,-88,-89,-120,-120,-120,,,,-83,-82,-82,,,
4,4,3,,,,-87,-88,-87,-75,-71,-73,-81,-81,-82,-85,-84,-84,-78,-81,-83,,,
4,4,1,-108,-120,-120,-90,-106,-120,-86,-86,-86,-82,-83,-83,-120,-120,-120,-79,-80,-80,,,
7,4,1,,,,,,,-90,-88,-88,-84,-82,-80,-107,-92,-92,-79,-79,-79,,,
4,4,3,,,,-86,-87,-86,-80,-78,-74,-82,-83,-84,-84,-85,-84,-80,-80,-81,,,
4,4,1,,,,-90,-87,-87,-83,-83,-83,-87,-86,-85,-91,-90,-88,-78,-79,-79,,,
4,4,1,,,,-89,-90,-91,-85,-83,-80,-106,-120,-90,-87,-86,-87,-79,-79,-79,,,
4,4,3,-120,-120,-120,-87,-85,-86,-79,-74,-74,-83,-86,-83,-89,-86,-86,-80,-81,-82,-93,-109,-120
4,4,1,,,,-89,-91,-91,-70,-69,-69,-86,-87,-87,-89,-89,-91,-79,-80,-81,-120,-120,-120
4,4,3,,,,-88,-88,-88,-71,-71,-69,-77,-76,-77,-85,-83,-83,-81,-79,-79,-87,-87,-87
1,1,3,-75,-76,-77,-89,-92,-108,-86,-87,-88,,,,-63,-64,-64,-84,-83,-84,,,
1,1,1,-81,-81,-81,,,,,,,,,,-77,-76,-76,-91,-91,-88,,,
1,1,1,-79,-79,-78,,,,,,,-91,-89,-105,-76,-77,-77,-84,-83,-85,,,
1,1,3,-78,-79,-78,-120,-120,-120,-105,-120,-91,,,,-67,-67,-67,-85,-84,-84,,,
1,1,1,-78,-78,-77,,,,,,,-90,-89,-89,-80,-78,-78,-84,-84,-84,,,
3,3,3,,,,-87,-103,-87,-77,-82,-81,-85,-101,-90,-72,-72,-72,-81,-83,-84,-89,-88,-104
1,1,3,-76,-77,-76,,,,-106,-120,-120,,,,-67,-67,-67,-85,-87,-88,,,
1,1,3,-76,-77,-77,-84,-84,-84,-105,-120,-120,,,,-64,-64,-64,-78,-80,-79,,,
1,1,1,-77,-76,-78,-91,-107,-91,,,,,,,-70,-69,-71,-83,-83,-78,,,
1,1,3,-75,-74,-75,-85,-84,-85,-91,-107,-120,,,,-65,-65,-64,-81,-80,-80,,,
1,1,1,-78,-79,-81,-107,-90,-89,,,,,,,-71,-70,-70,-86,-89,-82,,,
1,1,1,-78,-76,-76,-92,-93,-93,,,,,,,-70,-71,-70,-79,-83,-86,,,
1,1,3,-72,-72,-72,-85,-85,-86,-90,-90,-106,,,,-64,-63,-64,-82,-83,-82,,,
1,1,1,-75,-74,-76,,,,,,,-120,-90,-106,-76,-79,-77,-89,-90,-90,,,
3,3,1,,,,,,,-86,-86,-86,,,,-85,-85,-86,-91,-90,-89,,,
1,1,3,-65,-65,-65,-106,-89,-88,-89,-88,-88,-90,-90,-90,-77,-78,-77,-81,-81,-81,,,
1,1,3,-65,-65,-65,-90,-90,-91,,,,-86,-88,-91,-76,-77,-77,-78,-79,-79,,,
1,1,1,-76,-77,-76,,,,,,,-120,-91,-91,-77,-75,-74,-106,-89,-89,,,
4,3,1,,,,-89,-90,-89,-80,-80,-81,-120,-120,-120,-90,-92,-88,-84,-85,-84,,,
4,3,1,,,,-108,-89,-89,-81,-80,-84,-106,-88,-87,-84,-85,-85,-85,-85,-83,,,
3,3,1,,,,,,,-86,-86,-84,,,,-86,-86,-85,-83,-84,-86,,,
3,3,3,,,,-82,-84,-85,-72,-71,-74,-84,-84,-83,-71,-70,-70,-84,-83,-83,,,
3,3,3,-92,-90,-106,-88,-87,-86,-70,-70,-71,-87,-87,-90,-70,-69,-70,-86,-88,-84,,,
3,3,3,,,,-86,-86,-86,-71,-72,-73,-89,-89,-88,-70,-70,-70,-85,-85,-85,,,
3,3,3,,,,-86,-86,-85,-74,-75,-74,-89,-86,-84,-69,-69,-69,-86,-86,-85,,,
3,3,3,,,,-85,-86,-86,-72,-72,-71,-88,-87,-87,-69,-68,-69,-86,-87,-86,,,
4,3,1,,,,,,,-80,-82,-80,-90,-90,-106,-87,-85,-85,-85,-86,-85,,,
3,3,3,,,,-87,-87,-87,-71,-72,-71,-86,-86,-88,-69,-69,-69,-84,-87,-87,,,
4,3,1,,,,,,,-81,-81,-81,-89,-88,-89,-86,-86,-85,-91,-91,-89,,,
3,3,1,,,,,,,-80,-80,-81,,,,-84,-83,-82,-88,-88,-89,,,
5,6,3,-91,-90,-90,-72,-71,-72,,,,,,,,,,-81,-80,-81,-84,-83,-82
6,6,3,-87,-87,-88,-76,-75,-76,-84,-88,-91,-88,-90,-87,,,,-81,-81,-75,-73,-75,-77
6,6,1,-89,-89,-90,-80,-81,-80,,,,,,,,,,-76,-76,-76,-77,-75,-76
6,6,3,-91,-85,-84,-78,-77,-76,-86,-87,-86,-89,-88,-86,,,,-83,-77,-77,-76,-76,-74
5,6,1,-89,-89,-89,-80,-81,-78,,,,,,,,,,-77,-75,-76,-75,-76,-75
6,6,3,-88,-87,-86,-70,-70,-70,,,,-89,-90,-90,,,,-78,-79,-82,-78,-78,-77
6,6,3,-86,-88,-89,-70,-71,-71,-91,-91,-91,-86,-86,-87,,,,-82,-88,-90,-76,-77,-76
2,2,1,-81,-80,-81,-86,-84,-84,,,,,,,-90,-86,-86,-83,-82,-83,,,
6,6,3,-87,-85,-85,-71,-71,-71,-90,-91,-90,-88,-87,-91,,,,-83,-85,-84,-76,-76,-76
5,6,1,-90,-90,-89,-68,-70,-70,-90,-90,-89,-120,-120,-120,,,,-77,-77,-78,-79,-81,-82
5,6,1,-90,-89,-90,-71,-71,-72,-120,-91,-107,-90,-90,-106,,,,-78,-78,-79,-86,-85,-87
5,6,1,-90,-90,-106,-67,-69,-69,-89,-89,-89,,,,,,,-77,-76,-77,-84,-86,-85
5,6,3,-90,-91,-90,-67,-66,-64,-88,-88,-87,-90,-89,-88,,,,-78,-79,-79,-79,-79,-77
5,6,1,,,,-69,-70,-70,-105,-120,-90,-91,-90,-106,,,,-78,-77,-80,-87,-88,-88
6,6,3,-120,-120,-120,-67,-68,-68,-84,-83,-84,-88,-86,-86,,,,-84,-82,-81,-77,-77,-77
8,8,1,-120,-120,-120,-87,-85,-84,-93,-89,-89,-83,-82,-82,-90,-90,-89,-86,-87,-87,-82,-81,-82
8,8,3,-87,-90,-82,-80,-79,-77,-85,-85,-85,-75,-75,-75,-88,-89,-86,-84,-82,-79,-82,-83,-77
8,8,1,,,,-87,-86,-87,-87,-87,-92,-87,-87,-88,,,,-91,-91,-90,-81,-81,-80
8,8,1,,,,-87,-86,-86,-85,-86,-85,-87,-87,-84,,,,-88,-92,-108,-79,-79,-79
8,8,1,,,,-88,-86,-86,-87,-87,-87,-86,-84,-83,,,,-90,-89,-89,-80,-81,-78
8,8,3,-120,-90,-89,-80,-79,-79,-82,-82,-85,-70,-70,-69,-91,-91,-91,-77,-78,-82,-75,-75,-76
8,8,3,-120,-120,-91,-82,-83,-83,-85,-86,-86,-69,-69,-70,,,,-86,-86,-87,-73,-74,-75
8,8,1,,,,-84,-86,-82,-90,-106,-91,-73,-75,-75,,,,-85,-90,-84,-82,-83,-82
8,8,3,-90,-89,-91,-84,-85,-86,-85,-84,-82,-69,-69,-71,,,,-83,-85,-86,-74,-75,-76
8,8,1,-90,-90,-90,-84,-85,-84,-107,-120,-120,-75,-75,-74,,,,-84,-86,-90,-81,-81,-80
8,8,1,,,,-85,-88,-88,,,,-74,-76,-78,,,,-86,-85,-85,-80,-80,-80
8,8,1,,,,-88,-87,-89,,,,-76,-76,-76,,,,-90,-92,-90,-80,-79,-79
5,5,3,-83,-88,-89,-65,-65,-64,-88,-92,-88,-89,-89,-88,,,,-67,-66,-65,-87,-87,-87
5,5,1,-86,-86,-86,-71,-71,-72,,,,,,,,,,-71,-71,-72,-87,-87,-87
5,5,1,-87,-86,-87,-73,-72,-72,-90,-106,-120,,,,,,,-74,-75,-74,-88,-87,-89
5,5,3,-90,-90,-89,-66,-65,-66,-90,-90,-90,-89,-88,-88,,,,-67,-67,-68,-86,-86,-85
5,5,1,-107,-91,-89,-76,-76,-77,,,,,,,,,,-78,-78,-79,-89,-90,-88
5,5,1,-88,-88,-88,-77,-77,-76,,,,,,,,,,-81,-83,-81,-88,-88,-88
5,5,3,-79,-80,-82,-68,-67,-65,-87,-86,-87,-88,-87,-87,,,,-72,-74,-74,-90,-88,-89
5,5,1,-84,-83,-83,-74,-73,-73,,,,,,,,,,-70,-69,-70,-109,-120,-90
5,5,3,-82,-81,-80,-68,-64,-61,-90,-92,-89,-88,-89,-88,-90,-90,-90,-71,-69,-70,-87,-88,-87
5,5,1,-84,-84,-84,-73,-73,-74,,,,,,,,,,-72,-72,-72,-90,-106,-92
6,6,1,-120,-120,-120,-77,-77,-77,,,,,,,,,,-83,-83,-83,-81,-81,-81
5,6,1,-108,-92,-91,-74,-75,-74,,,,,,,,,,-80,-78,-79,-81,-81,-81
6,6,1,-84,-84,-83,-77,-78,-75,,,,-120,-120,-120,,,,-78,-78,-78,-77,-78,-79
6,6,3,-85,-86,-86,-70,-69,-68,,,,-89,-105,-120,,,,-76,-76,-75,-76,-78,-77
5,6,1,-85,-85,-85,-76,-76,-77,,,,,,,,,,-80,-79,-82,-79,-80,-79
6,6,3,-87,-87,-87,-74,-74,-74,-90,-90,-90,-89,-89,-89,,,,-77,-79,-80,-74,-75,-76
5,6,3,-86,-86,-85,-74,-74,-75,,,,-90,-106,-120,,,,-75,-77,-79,-75,-76,-78
6,6,1,-84,-84,-84,-76,-76,-76,,,,,,,,,,-79,-81,-81,-79,-79,-79
5,6,1,-110,-89,-105,-66,-65,-67,-120,-120,-120,,,,,,,-78,-77,-77,-89,-89,-89
5,6,3,-120,-120,-120,-68,-63,-64,-89,-90,-88,-89,-88,-88,,,,-84,-87,-85,-80,-78,-78
6,6,1,,,,-73,-72,-72,,,,,,,,,,-88,-86,-84,-81,-81,-80
6,6,3,-89,-89,-88,-74,-75,-74,-89,-91,-88,-89,-87,-89,,,,-79,-79,-80,-79,-80,-80
6,6,1,,,,-71,-70,-70,,,,,,,,,,-83,-85,-84,-80,-80,-80
6,6,3,-85,-88,-85,-72,-74,-73,-90,-89,-88,-86,-88,-88,,,,-79,-80,-82,-77,-80,-80
6,6,1,,,,-70,-70,-73,-90,-91,-93,,,,,,,-84,-84,-84,-82,-80,-80
6,6,3,-88,-87,-87,-73,-72,-72,-89,-87,-87,-87,-87,-88,,,,-84,-83,-86,-76,-78,-78
5,5,1,-120,-120,-93,-81,-83,-81,,,,,,,,,,-71,-72,-73,-87,-87,-86
5,5,1,-89,-87,-87,-86,-85,-86,,,,,,,,,,-72,-72,-74,-86,-86,-87
5,5,1,-85,-86,-89,-74,-71,-72,,,,,,,,,,-75,-74,-74,,,
5,5,3,-89,-88,-88,-69,-68,-68,,,,-89,-89,-89,-91,-90,-92,-65,-66,-66,-80,-82,-81
5,5,3,-87,-88,-85,-69,-69,-71,-89,-88,-88,-91,-91,-91,-90,-91,-91,-73,-74,-76,-87,-85,-85
7,7,3,-87,-87,-88,-80,-80,-80,-87,-85,-85,-76,-76,-75,-87,-89,-90,-70,-74,-76,-88,-87,-89
5,7,3,-89,-93,-109,-79,-79,-80,-84,-85,-85,-81,-79,-80,-87,-85,-86,-74,-74,-74,-83,-84,-84
7,7,1,,,,-92,-88,-87,-90,-106,-120,-85,-86,-85,-120,-120,-120,-83,-85,-85,,,
7,7,1,-92,-92,-108,-88,-86,-87,-89,-89,-89,-85,-84,-82,,,,-81,-86,-84,,,
7,7,1,,,,-87,-87,-88,-90,-93,-109,-78,-79,-81,,,,-87,-87,-85,,,
7,7,3,-86,-86,-85,-80,-80,-79,-84,-88,-88,-67,-68,-67,-89,-90,-106,-76,-76,-76,-86,-87,-87
1,1,3,-75,-76,-74,-81,-79,-84,-90,-87,-91,,,,-62,-62,-62,-82,-82,-84,-90,-89,-105
1,1,1,-83,-81,-81,-90,-89,-105,,,,,,,-75,-76,-74,-90,-106,-120,,,
1,1,3,-73,-74,-77,-84,-85,-85,-88,-87,-88,,,,-62,-64,-64,-85,-87,-87,,,
1,1,1,-85,-83,-83,,,,,,,,,,-75,-76,-74,-106,-90,-88,,,
1,1,3,-73,-75,-73,-79,-79,-79,,,,,,,-67,-67,-67,-89,-89,-88,,,
1,1,1,-76,-74,-76,-87,-87,-86,,,,,,,-81,-80,-80,-105,-89,-89,,,
1,1,3,-71,-71,-70,-79,-80,-80,,,,,,,-70,-68,-69,-87,-87,-88,,,
1,1,1,-81,-81,-81,-120,-92,-108,,,,,,,-77,-77,-77,-91,-92,-90,,,
1,1,1,-80,-81,-81,-89,-89,-89,,,,,,,-80,-80,-80,-105,-120,-120,,,
1,1,1,-80,-81,-83,-106,-120,-120,,,,,,,-82,-79,-82,,,,,,
3,3,1,,,,,,,-87,-87,-87,,,,-85,-87,-86,-85,-86,-87,,,
3,3,1,-91,-91,-90,,,,-79,-80,-79,,,,-87,-84,-82,-92,-92,-90,,,
3,3,3,-89,-89,-88,-88,-88,-89,-74,-75,-76,-90,-89,-90,-73,-71,-72,-81,-82,-81,,,
3,3,1,,,,-91,-90,-106,-79,-77,-78,,,,-83,-84,-84,-120,-90,-106,,,
3,3,3,-120,-120,-89,-90,-87,-87,-75,-76,-77,-86,-90,-91,-74,-74,-77,-82,-83,-81,-91,-107,-120
3,3,3,-95,-111,-120,-105,-120,-120,-77,-79,-79,-88,-90,-89,-73,-73,-73,-89,-86,-86,-92,-92,-92
3,3,3,,,,-92,-90,-88,-81,-81,-81,-86,-86,-85,-74,-75,-75,-85,-85,-85,,,
3,3,3,,,,-107,-120,-120,-80,-80,-80,-85,-87,-87,-74,-73,-73,-86,-86,-86,,,
3,3,3,,,,-92,-92,-90,-80,-80,-79,-88,-87,-87,-74,-73,-74,-88,-86,-87,,,
3,3,3,,,,-91,-91,-91,-80,-80,-79,-86,-89,-88,-74,-73,-73,-88,-88,-87,,,
3,3,1,,,,,,,-86,-86,-86,,,,-79,-79,-80,,,,,,
2,2,3,-72,-71,-71,-79,-82,-80,-86,-87,-88,,,,-77,-77,-77,-74,-72,-72,-86,-86,-87
2,2,1,-83,-84,-84,-85,-86,-86,,,,,,,-83,-83,-82,-76,-77,-77,,,
2,2,1,-83,-83,-82,-85,-86,-88,,,,,,,-84,-86,-85,-75,-75,-74,,,
2,2,3,-73,-73,-73,-83,-80,-79,-89,-89,-89,,,,-77,-77,-77,-72,-73,-75,-87,-91,-92
2,2,1,-78,-78,-78,-82,-83,-86,,,,,,,-86,-90,-86,-82,-82,-81,,,
2,2,3,-73,-73,-73,-83,-80,-83,-89,-89,-89,,,,-78,-77,-77,-71,-70,-70,-88,-88,-88
2,2,1,-83,-84,-82,-86,-86,-86,,,,,,,-86,-87,-89,-74,-76,-76,,,
2,2,1,-79,-78,-79,-82,-83,-84,,,,-90,-91,-107,-86,-87,-90,-80,-80,-80,,,
2,2,3,-77,-76,-76,-82,-78,-80,-88,-89,-105,-90,-90,-90,-82,-81,-85,-76,-80,-82,-90,-89,-89
1,1,3,-81,-81,-80,-81,-81,-81,-89,-88,-89,,,,-80,-80,-81,-82,-80,-79,,,
2,2,3,-79,-78,-78,-80,-80,-81,-88,-104,-120,,,,-81,-81,-83,-79,-79,-80,,,
2,2,3,-77,-77,-77,-81,-80,-81,,,,-90,-90,-106,-81,-82,-82,-76,-78,-85,-107,-89,-89
3,4,3,-88,-88,-90,-81,-81,-81,-70,-71,-70,-86,-87,-87,-80,-79,-80,-77,-79,-79,-106,-120,-91
4,4,3,,,,-83,-83,-83,-72,-70,-73,-86,-88,-86,-83,-82,-82,-80,-80,-82,-88,-88,-88
7,4,1,-120,-120,-120,-89,-89,-89,-83,-83,-83,-85,-85,-86,-91,-89,-90,-82,-82,-82,,,
4,4,1,,,,-90,-91,-92,-82,-82,-83,-84,-84,-85,-89,-91,-107,-85,-85,-84,,,
4,4,3,,,,-79,-79,-79,-73,-72,-73,-84,-84,-84,-83,-85,-84,-79,-80,-82,-89,-87,-89
4,4,3,,,,-80,-81,-81,-73,-73,-73,-83,-84,-84,-85,-84,-85,-82,-84,-83,-88,-89,-88
4,4,3,,,,-81,-80,-81,-72,-71,-72,-82,-83,-85,-84,-84,-84,-85,-82,-81,-89,-90,-89
4,4,3,,,,-81,-81,-81,-70,-71,-72,-86,-85,-84,-86,-86,-86,-81,-82,-84,-88,-89,-89
4,4,1,,,,-90,-93,-109,-82,-81,-81,-88,-89,-89,-107,-90,-106,-80,-79,-80,,,
4,4,1,,,,-89,-90,-89,-75,-76,-77,-89,-90,-89,-106,-120,-91,-83,-82,-84,,,
4,4,3,,,,-85,-86,-83,-68,-69,-69,-89,-86,-85,-88,-89,-88,-85,-82,-81,,,
6,6,3,-83,-84,-82,-76,-75,-75,-89,-88,-89,-88,-88,-93,-108,-120,-120,-79,-80,-83,-83,-85,-84
5,6,1,-86,-91,-91,-75,-76,-74,,,,,,,,,,-85,-85,-85,-88,-87,-88
5,6,3,-87,-88,-88,-71,-70,-75,-112,-120,-120,-92,-88,-88,,,,-74,-74,-74,-79,-77,-79
5,6,1,-90,-90,-91,-73,-72,-72,,,,,,,,,,-106,-89,-89,-86,-86,-86
5,5,3,-90,-90,-89,-81,-79,-79,,,,,,,,,,-76,-75,-73,,,
6,6,3,-87,-88,-88,-73,-72,-71,-120,-120,-120,-105,-93,-91,,,,-76,-81,-78,-74,-72,-73
5,6,1,,,,-79,-81,-79,,,,,,,,,,-84,-84,-84,-90,-90,-89
6,6,3,-88,-88,-88,-71,-72,-71,,,,-88,-90,-90,,,,-77,-78,-78,-73,-73,-73
5,6,1,,,,-79,-79,-78,,,,,,,,,,-84,-83,-83,-90,-89,-90
6,6,3,-88,-88,-89,-72,-72,-71,,,,-88,-89,-88,,,,-81,-81,-80,-73,-74,-75
5,6,1,-90,-106,-92,-80,-80,-81,,,,,,,,,,-85,-83,-83,-91,-89,-90
6,6,3,-89,-90,-90,-73,-73,-72,,,,-90,-90,-87,,,,-81,-79,-78,-75,-74,-75
6,6,3,-85,-85,-85,-71,-71,-71,,,,-85,-85,-88,,,,-80,-82,-81,-76,-77,-76
5,6,1,,,,-78,-77,-77,,,,,,,,,,-84,-83,-83,-92,-89,-89
6,6,3,-88,-88,-86,-70,-70,-71,,,,-87,-90,-88,,,,-77,-79,-82,-75,-75,-74
5,6,1,-120,-120,-120,-78,-78,-78,,,,,,,,,,-84,-83,-84,-90,-93,-90
5,6,1,,,,-78,-80,-79,,,,,,,,,,-87,-86,-85,-120,-120,-120
6,6,3,-90,-89,-89,-71,-71,-70,,,,-89,-85,-88,,,,-77,-77,-79,-75,-75,-75
6,6,3,-88,-88,-89,-69,-70,-70,,,,-88,-88,-86,,,,-79,-79,-78,-74,-74,-75
5,6,1,,,,-78,-78,-78,,,,,,,,,,-85,-87,-85,,,
6,6,3,-87,-88,-88,-70,-70,-70,,,,-84,-86,-88,,,,-79,-79,-83,-76,-76,-76
5,6,1,-120,-120,-120,-77,-78,-80,,,,,,,,,,-83,-85,-84,-92,-90,-88
6,6,3,-88,-87,-87,-70,-71,-71,,,,-87,-87,-86,,,,-79,-82,-83,-75,-75,-76
6,6,3,-89,-88,-84,-73,-73,-71,-106,-120,-120,-87,-87,-87,,,,-79,-79,-79,-78,-78,-79
3,3,3,,,,-85,-85,-86,-81,-80,-77,,,,-74,-74,-74,-88,-88,-87,,,
5,6,1,-92,-92,-92,-78,-78,-78,,,,,,,,,,-82,-83,-84,-91,-107,-120
6,6,3,-88,-88,-89,-70,-69,-70,,,,-88,-90,-88,,,,-78,-78,-78,-75,-76,-76
5,6,1,-91,-91,-91,-78,-78,-78,,,,,,,,,,-84,-85,-84,-91,-89,-89
6,6,3,-87,-89,-88,-70,-70,-69,,,,-89,-86,-89,,,,-78,-78,-81,-77,-77,-76
5,6,1,-120,-120,-120,-78,-78,-78,,,,,,,,,,-84,-85,-84,-89,-89,-89
6,6,3,-88,-90,-91,-71,-73,-73,-90,-90,-106,-90,-106,-120,,,,-82,-82,-80,-76,-78,-78
5,6,1,-88,-88,-89,-86,-84,-83,,,,,,,,,,-91,-90,-92,-87,-86,-88
6,6,1,-88,-88,-88,-82,-80,-79,,,,,,,,,,-89,-88,-89,-87,-88,-87
6,6,3,-86,-85,-87,-71,-71,-71,-105,-120,-120,-90,-89,-89,,,,-78,-79,-80,-75,-75,-76
6,6,1,-88,-90,-90,-78,-78,-79,,,,,,,,,,-89,-88,-89,-87,-88,-88
6,6,3,-85,-84,-86,-72,-73,-72,-88,-88,-90,-90,-89,-86,,,,-78,-79,-83,-74,-74,-75
5,6,1,-88,-90,-90,-79,-81,-78,,,,,,,,,,-89,-88,-85,-87,-86,-88
5,6,3,-88,-88,-86,-70,-71,-71,-104,-120,-90,-87,-86,-84,,,,-80,-79,-78,-84,-85,-78
6,6,1,-90,-86,-86,-78,-78,-79,,,,,,,,,,-84,-84,-83,-84,-84,-88
6,6,1,-88,-88,-90,-78,-76,-77,,,,,,,,,,-84,-87,-90,-81,-81,-81
5,6,3,-87,-85,-85,-74,-73,-71,-90,-90,-89,-84,-85,-85,,,,-78,-77,-79,-80,-78,-79
5,5,1,,,,-85,-85,-84,,,,,,,,,,-86,-86,-86,,,
6,6,3,-86,-85,-86,-70,-71,-71,-89,-91,-89,-86,-89,-84,,,,-78,-79,-80,-77,-79,-75
6,6,1,-90,-90,-90,-76,-79,-76,,,,,,,,,,-82,-86,-82,-81,-81,-81
6,6,3,-86,-88,-89,-73,-73,-72,-89,-89,-92,-84,-85,-85,,,,-78,-78,-78,-75,-75,-75
6,6,1,-89,-88,-89,-76,-76,-76,,,,,,,,,,-83,-84,-90,-81,-80,-80
6,6,3,-87,-87,-88,-72,-72,-73,-89,-91,-88,-85,-83,-83,-91,-91,-91,-78,-78,-79,-77,-77,-76
6,6,1,-89,-88,-88,-76,-75,-76,,,,,,,,,,-84,-85,-83,-79,-79,-80
6,6,3,-88,-87,-86,-72,-72,-72,-89,-89,-88,-88,-83,-83,-120,-120,-120,-79,-78,-79,-77,-76,-77
6,6,1,-87,-87,-88,-74,-77,-75,,,,,,,,,,-83,-81,-80,-80,-77,-77
6,6,3,-86,-85,-85,-75,-75,-74,-90,-89,-88,-84,-83,-83,,,,-77,-76,-77,-75,-75,-77
6,6,1,-89,-89,-89,-76,-76,-76,,,,,,,,,,-85,-85,-82,-79,-79,-79
6,6,3,-85,-85,-87,-73,-72,-73,-90,-89,-89,-85,-87,-86,,,,-77,-81,-77,-75,-78,-79
6,6,1,-90,-90,-90,-75,-77,-76,,,,,,,,,,-84,-84,-85,-80,-79,-78
6,6,3,-86,-85,-85,-73,-73,-72,-89,-92,-88,-89,-92,-87,-92,-92,-92,-77,-79,-77,-80,-75,-75
6,6,1,-89,-89,-89,-74,-75,-77,,,,,,,,,,-83,-81,-80,-80,-81,-81
5,6,3,-87,-86,-85,-75,-74,-74,,,,-89,-89,-91,,,,-75,-75,-77,-81,-78,-76
6,6,3,-82,-84,-83,-71,-71,-71,-88,-87,-88,,,,,,,-82,-82,-82,-73,-73,-73
6,6,1,,,,-76,-76,-75,,,,,,,,,,-78,-78,-78,-78,-78,-78
5,6,1,-90,-90,-90,-72,-72,-73,,,,,,,,,,-81,-81,-81,-75,-75,-75
5,6,3,-85,-85,-85,-74,-74,-74,,,,-92,-91,-93,,,,-79,-79,-78,-74,-76,-76
6,6,1,-92,-92,-89,-74,-73,-74,,,,,,,,,,-80,-82,-82,-77,-76,-76
6,6,3,-84,-87,-84,-72,-74,-73,,,,-90,-90,-89,,,,-79,-78,-78,-77,-76,-77
6,6,1,,,,-77,-76,-76,,,,,,,,,,-82,-80,-79,-77,-77,-77
6,6,3,-83,-83,-83,-73,-74,-75,,,,-106,-120,-120,,,,-78,-79,-79,-72,-73,-77
5,5,1,,,,-83,-83,-83,,,,,,,,,,-86,-86,-86,,,
6,6,3,-82,-86,-84,-69,-70,-70,-92,-90,-90,-91,-90,-89,,,,-78,-80,-81,-75,-74,-75
6,6,1,-90,-91,-92,-74,-74,-75,,,,,,,,,,-78,-79,-78,-79,-77,-77
5,6,1,,,,-76,-75,-75,,,,,,,,,,-76,-77,-78,-79,-78,-78
6,6,3,-84,-84,-84,-71,-71,-71,-89,-89,-89,-89,-92,-93,,,,-82,-79,-80,-73,-73,-74
6,6,1,-91,-91,-91,-76,-76,-77,,,,,,,,,,-79,-79,-79,-79,-78,-79
6,6,3,-83,-84,-89,-70,-71,-70,-89,-89,-88,-90,-90,-106,,,,-80,-81,-82,-74,-73,-74
6,6,1,-90,-89,-89,-72,-72,-72,,,,,,,,,,-79,-78,-79,-79,-79,-78
6,6,1,,,,-75,-74,-75,,,,,,,,,,-85,-84,-85,-79,-78,-80
6,6,3,-87,-87,-85,-71,-72,-72,-88,-89,-88,-91,-89,-105,,,,-78,-77,-78,-74,-74,-73
6,6,1,-91,-107,-120,-73,-75,-76,,,,,,,,,,-78,-78,-78,-74,-76,-77
6,6,3,-83,-83,-82,-70,-69,-70,-94,-93,-109,-90,-90,-91,,,,-82,-72,-72,-72,-75,-73
6,6,1,-120,-89,-89,-75,-75,-73,,,,,,,,,,-78,-78,-77,-77,-77,-76
6,6,1,-120,-120,-120,-75,-75,-75,,,,,,,,,,-77,-77,-78,-76,-76,-76
5,6,3,-83,-83,-83,-69,-69,-75,,,,-107,-120,-120,,,,-72,-73,-74,-72,-73,-74
5,6,3,-85,-85,-83,-72,-72,-72,-90,-90,-106,-90,-92,-108,,,,-78,-76,-76,-76,-81,-80
6,6,1,-90,-106,-91,-78,-79,-79,,,,,,,,,,-83,-83,-82,-84,-83,-83
6,6,1,,,,-76,-75,-75,,,,,,,,,,-85,-84,-85,-79,-79,-78
5,6,1,,,,-75,-74,-73,,,,,,,,,,-85,-86,-87,-78,-77,-77
5,6,3,-87,-88,-89,-67,-60,-62,-88,-86,-88,,,,,,,-76,-77,-78,-81,-81,-80
5,6,3,-87,-89,-87,-69,-69,-71,-88,-88,-89,,,,,,,-76,-75,-76,-79,-80,-79
6,6,1,-86,-89,-90,-74,-75,-75,,,,,,,,,,-84,-87,-87,-77,-79,-80
6,6,1,-91,-93,-91,-67,-67,-67,,,,,,,,,,-88,-87,-86,-83,-83,-87
5,6,3,-85,-85,-86,-63,-63,-65,-91,-86,-87,,,,,,,-76,-77,-76,-80,-81,-81
6,6,1,-88,-92,-93,-76,-75,-73,,,,,,,,,,-87,-87,-88,-81,-81,-82
6,6,1,-90,-88,-90,-74,-75,-77,,,,,,,,,,-90,-88,-87,-82,-82,-83
6,6,1,-89,-89,-90,-72,-75,-75,,,,,,,,,,-87,-87,-89,-83,-83,-84
6,6,1,-108,-92,-90,-75,-76,-75,,,,,,,,,,-85,-85,-86,-85,-86,-85
6,6,1,-89,-91,-89,-75,-77,-77,,,,,,,,,,-86,-88,-86,-85,-86,-84
6,6,1,-107,-120,-90,-76,-76,-75,,,,,,,,,,-84,-84,-85,-85,-84,-83
6,6,1,-90,-90,-90,-76,-76,-79,,,,,,,,,,-85,-83,-79,-84,-84,-80
7,8,3,,,,-81,-82,-83,-83,-84,-84,-76,-76,-76,,,,-80,-81,-80,-79,-79,-78
6,6,3,-83,-85,-86,-62,-62,-63,-86,-87,-86,-88,-88,-104,,,,-80,-81,-80,-74,-74,-75
6,6,3,-84,-83,-84,-59,-57,-57,-85,-85,-85,-86,-88,-88,-91,-91,-91,-78,-78,-78,-76,-74,-77
6,6,3,-83,-83,-83,-57,-57,-57,-86,-86,-86,-84,-87,-88,-120,-120,-120,-79,-79,-79,-75,-75,-74
6,6,3,-82,-82,-83,-56,-57,-57,-85,-86,-87,-88,-88,-89,-91,-90,-91,-80,-79,-79,-75,-74,-76
6,6,3,-83,-84,-84,-58,-58,-59,-88,-87,-88,-87,-89,-88,-107,-120,-120,-78,-79,-80,-76,-75,-77
6,6,3,-83,-83,-83,-59,-59,-57,-88,-88,-87,-89,-91,-107,-91,-107,-90,-78,-78,-80,-76,-78,-78
6,6,3,-84,-84,-84,-58,-58,-57,-87,-87,-87,-89,-88,-87,-91,-107,-120,-80,-80,-79,-81,-76,-78
6,6,1,-89,-89,-89,-68,-67,-67,,,,,,,,,,-86,-83,-83,-82,-85,-85
6,6,3,-84,-84,-84,-58,-58,-60,-87,-86,-87,-89,-88,-89,-92,-92,-108,-79,-79,-79,-80,-78,-78
5,6,1,-90,-90,-89,-68,-69,-68,,,,,,,,,,-82,-84,-83,-84,-87,-88
6,6,3,-84,-85,-84,-58,-59,-58,-87,-88,-89,-89,-89,-88,-91,-92,-90,-79,-80,-80,-77,-77,-77
5,6,1,-90,-90,-90,-68,-68,-68,,,,,,,,,,-80,-85,-84,-81,-81,-83
6,6,3,-84,-86,-88,-60,-60,-61,-89,-91,-89,-89,-90,-92,-90,-90,-91,-81,-81,-81,-80,-79,-79
6,6,3,-84,-85,-86,-59,-60,-61,-88,-88,-89,-90,-89,-89,-120,-120,-120,-82,-80,-80,-77,-79,-79
6,6,1,-90,-90,-90,-68,-66,-67,,,,,,,,,,-83,-84,-84,-80,-80,-83
5,6,3,-85,-84,-84,-59,-60,-61,-88,-88,-89,-89,-90,-89,-91,-90,-91,-80,-81,-80,-79,-80,-80
6,6,1,-90,-90,-90,-69,-66,-67,,,,,,,,,,-81,-82,-83,-82,-81,-82
6,6,3,-85,-85,-85,-61,-61,-61,-88,-89,-88,-89,-89,-89,-120,-120,-120,-81,-80,-80,-80,-81,-80
6,6,1,,,,-66,-65,-66,,,,,,,,,,-82,-82,-81,-79,-82,-79
5,6,1,,,,-66,-66,-66,,,,,,,,,,-81,-82,-81,-78,-80,-79
6,6,3,-85,-88,-85,-59,-60,-60,-90,-106,-120,-93,-109,-120,,,,-80,-80,-83,-79,-79,-79
8,8,1,,,,-86,-87,-85,,,,-82,-82,-83,,,,-91,-91,-89,-82,-82,-82
6,6,1,,,,-67,-67,-66,,,,,,,,,,-84,-83,-82,-80,-78,-79
6,6,3,-86,-85,-85,-60,-61,-60,-89,-89,-89,-92,-89,-91,-92,-92,-92,-81,-81,-82,-79,-79,-79
6,6,1,,,,-66,-67,-66,,,,,,,,,,-82,-82,-82,-79,-78,-81
6,6,3,-86,-84,-84,-60,-61,-60,-89,-90,-89,-89,-93,-89,-93,-89,-91,-87,-81,-81,-79,-79,-79
6,6,1,,,,-66,-66,-66,,,,,,,,,,-82,-84,-82,-79,-80,-79
6,6,3,-85,-85,-85,-62,-62,-62,-88,-88,-90,-88,-91,-92,,,,-81,-80,-80,-79,-80,-80
6,6,3,-85,-85,-85,-59,-59,-60,-89,-92,-90,-91,-107,-120,-107,-120,-120,-80,-81,-81,-80,-80,-80
8,8,1,-108,-120,-92,-90,-90,-91,-90,-91,-90,-82,-76,-76,,,,-86,-86,-87,-89,-86,-86
7,8,1,,,,-92,-91,-90,,,,-79,-77,-75,,,,-87,-86,-85,-88,-88,-87
8,8,1,,,,-87,-87,-87,,,,-86,-86,-84,,,,-89,-88,-90,-82,-81,-82
7,8,3,,,,-80,-80,-80,-84,-82,-81,-76,-74,-76,,,,-78,-79,-79,-80,-80,-79
8,8,1,,,,-88,-86,-87,,,,-82,-82,-82,,,,-89,-92,-93,-79,-82,-81
7,8,3,,,,-81,-83,-86,-88,-84,-83,-77,-75,-76,,,,-80,-79,-79,-79,-79,-79
8,8,1,,,,-89,-87,-86,,,,-82,-82,-82,,,,-89,-89,-90,-81,-80,-82
8,8,1,,,,-87,-87,-87,,,,-81,-82,-83,,,,-93,-90,-88,-81,-80,-85
8,8,1,,,,-93,-87,-85,,,,-79,-81,-80,,,,-91,-90,-106,-87,-86,-85
8,8,1,,,,-87,-87,-87,,,,-79,-79,-77,,,,-87,-87,-89,-82,-80,-80
7,8,3,-91,-91,-107,-82,-84,-83,-82,-85,-85,-76,-78,-75,,,,-80,-80,-80,-81,-81,-78
8,8,1,,,,-88,-88,-87,,,,-87,-84,-83,,,,-88,-88,-84,-82,-84,-86
8,8,3,,,,-85,-84,-82,-86,-85,-83,-77,-76,-76,,,,-80,-80,-80,-79,-79,-80
8,8,1,,,,-88,-86,-86,,,,-82,-82,-81,,,,-88,-88,-86,-84,-82,-81
8,8,3,,,,-84,-86,-83,-86,-85,-85,-76,-77,-77,,,,-80,-79,-80,-79,-79,-79
8,8,1,,,,-86,-86,-87,,,,-81,-82,-85,,,,-88,-88,-88,-82,-84,-86
8,8,1,,,,-87,-87,-88,,,,-82,-81,-81,,,,-89,-88,-104,-82,-83,-82
8,8,3,,,,-81,-82,-82,-84,-83,-83,-77,-76,-77,,,,-81,-81,-79,-78,-78,-78
8,8,3,,,,-82,-82,-82,-84,-82,-83,-80,-83,-77,,,,-80,-80,-80,-79,-78,-79
8,8,1,,,,-86,-86,-86,,,,-81,-82,-82,,,,-89,-89,-89,-83,-82,-83
8,8,3,,,,-82,-85,-82,-84,-83,-83,-82,-80,-83,,,,-81,-81,-81,-78,-79,-79
8,8,1,,,,-89,-88,-88,,,,-81,-84,-82,,,,-89,-88,-89,-84,-83,-84
8,8,1,,,,-86,-87,-86,,,,-82,-82,-82,,,,-90,-91,-90,-84,-83,-83
8,8,3,,,,-83,-81,-81,-84,-84,-86,-80,-81,-79,,,,-81,-81,-81,-78,-77,-78
8,8,1,,,,-87,-87,-87,,,,-82,-83,-82,,,,-89,-87,-89,-86,-83,-84
8,8,3,,,,-81,-85,-83,-82,-85,-84,-78,-76,-75,,,,-81,-81,-81,-77,-77,-77
8,8,3,,,,-88,-86,-80,-85,-85,-84,-78,-76,-76,,,,-81,-80,-81,-79,-78,-78
8,8,1,,,,-87,-87,-87,,,,-82,-83,-83,,,,-89,-89,-90,-83,-83,-82
8,8,3,,,,-85,-83,-82,-83,-85,-84,-79,-80,-80,,,,-81,-80,-81,-78,-79,-79
8,8,1,,,,-89,-88,-88,,,,-82,-82,-83,,,,-89,-88,-88,-81,-83,-83
8,8,3,-89,-105,-120,-86,-84,-81,-87,-88,-87,-76,-79,-77,,,,-80,-80,-80,-78,-79,-79
8,8,1,,,,-90,-89,-87,,,,-84,-83,-83,,,,-89,-88,-88,-84,-82,-83
8,8,3,,,,-80,-81,-82,-88,-90,-89,-77,-79,-80,,,,-82,-83,-81,-78,-78,-76
8,8,1,,,,-87,-87,-87,,,,-83,-83,-83,,,,-88,-87,-87,-82,-83,-83
6,8,3,-120,-120,-120,-79,-79,-79,-86,-87,-90,-80,-78,-80,,,,-81,-80,-80,-76,-77,-77
8,8,3,,,,-78,-78,-78,-90,-88,-88,-78,-78,-78,,,,-80,-79,-80,-78,-77,-77
8,8,1,,,,-87,-88,-88,,,,-83,-83,-84,,,,-88,-88,-88,-85,-83,-82
6,8,3,,,,-84,-84,-82,-88,-88,-89,-77,-80,-81,,,,-81,-80,-79,-78,-78,-78
8,8,1,,,,-89,-88,-89,,,,-82,-83,-82,,,,-89,-88,-88,-83,-84,-84
8,8,3,,,,-81,-82,-81,-87,-89,-86,-79,-81,-80,,,,-79,-79,-79,-77,-77,-79
8,8,1,,,,-88,-87,-90,,,,-85,-82,-82,,,,-87,-88,-88,-83,-84,-82
8,8,3,,,,-82,-82,-82,-82,-83,-82,-71,-71,-74,-90,-89,-91,-82,-82,-81,-67,-67,-67
8,8,1,,,,-87,-87,-88,-90,-87,-93,-77,-78,-81,,,,-91,-93,-91,-78,-78,-78
8,8,1,,,,-85,-86,-85,-120,-120,-120,-81,-80,-79,,,,-120,-89,-91,-85,-83,-82
8,8,1,,,,-89,-87,-87,,,,-77,-78,-80,,,,-90,-90,-90,-85,-85,-86
8,8,3,,,,-85,-83,-83,-83,-83,-84,-74,-73,-72,-88,-87,-89,-87,-88,-88,-71,-72,-71
8,8,1,,,,-85,-86,-85,-93,-93,-93,-79,-80,-80,,,,,,,-84,-86,-83
8,8,3,,,,-86,-86,-86,-83,-83,-83,-75,-72,-71,-88,-88,-88,-86,-86,-86,-70,-69,-71
8,8,3,,,,-85,-88,-86,-83,-82,-83,-73,-73,-75,-88,-88,-88,-87,-87,-87,-71,-70,-70
6,8,1,,,,-90,-91,-88,,,,-78,-82,-79,,,,,,,-84,-83,-85
8,8,3,,,,-85,-86,-86,-83,-81,-83,-73,-75,-75,-88,-89,-89,-87,-88,-84,-71,-70,-71
8,8,1,,,,-85,-87,-86,,,,-80,-80,-81,,,,,,,-84,-86,-85
8,8,3,,,,-86,-86,-86,-84,-84,-82,-74,-72,-71,-88,-89,-89,-86,-85,-85,-70,-69,-70
8,8,3,,,,-85,-85,-87,-85,-84,-85,-73,-73,-73,-88,-88,-88,-86,-86,-85,-72,-71,-71
8,8,1,,,,-86,-84,-88,,,,-80,-79,-81,,,,-90,-89,-89,-84,-85,-85
8,8,1,,,,-84,-85,-85,,,,-78,-78,-78,,,,-89,-90,-90,-84,-85,-86
8,8,3,,,,-85,-86,-87,-85,-84,-85,-72,-73,-74,-89,-89,-89,-86,-85,-84,-71,-72,-71
8,8,1,,,,-88,-84,-84,,,,-77,-77,-77,,,,-89,-89,-89,-84,-85,-86
8,8,3,,,,-85,-84,-84,-83,-84,-85,-73,-72,-72,-90,-106,-120,-85,-86,-88,-71,-71,-71
8,8,3,,,,-86,-86,-87,-85,-81,-82,-73,-73,-73,,,,-86,-85,-86,-71,-71,-71
8,8,1,,,,-84,-85,-84,,,,-77,-78,-77,,,,-90,-89,-89,-84,-86,-86
8,8,3,,,,-87,-86,-86,-82,-81,-83,-73,-73,-72,-120,-120,-91,-87,-86,-85,-71,-72,-74
8,8,3,,,,-85,-85,-84,-81,-81,-81,-72,-72,-72,-120,-90,-90,-85,-85,-86,-70,-71,-70
8,8,1,,,,-85,-83,-84,,,,-78,-78,-78,,,,-90,-90,-106,-86,-86,-84
8,8,1,,,,-85,-85,-89,,,,-78,-78,-78,,,,-88,-89,-89,-86,-85,-84
8,8,3,,,,-85,-84,-84,-82,-83,-84,-71,-71,-71,-106,-120,-120,-87,-85,-87,-71,-72,-72
8,8,1,,,,-88,-85,-86,,,,-79,-78,-82,,,,-89,-105,-87,-84,-85,-85
8,8,3,,,,-86,-85,-84,-83,-82,-83,-71,-71,-72,-120,-120,-120,-86,-83,-84,-70,-71,-72
8,8,1,,,,-91,-90,-89,-87,-87,-87,-82,-82,-81,,,,,,,-85,-86,-86
8,8,1,,,,-89,-90,-106,-89,-88,-88,-79,-80,-80,,,,-90,-90,-90,-91,-89,-91
8,8,3,-120,-90,-89,-81,-81,-82,-83,-85,-83,-71,-71,-68,-88,-88,-92,-85,-86,-84,-80,-79,-79
8,8,3,-90,-89,-88,-77,-77,-76,-87,-85,-86,-71,-69,-68,-88,-88,-86,-85,-84,-84,-74,-73,-74
8,8,1,,,,-84,-87,-85,-88,-87,-88,-76,-79,-83,,,,-92,-88,-85,-86,-86,-83
8,8,3,-89,-90,-89,-79,-80,-79,-83,-83,-84,-71,-70,-71,-87,-87,-87,-86,-86,-86,-72,-71,-72
7,8,1,,,,-87,-88,-89,-90,-89,-90,-71,-72,-73,,,,-82,-82,-81,-83,-84,-83
8,8,1,,,,-84,-87,-88,-89,-89,-90,-69,-69,-68,,,,-84,-84,-85,-83,-83,-83
7,8,1,,,,-85,-89,-86,-92,-85,-88,-81,-73,-71,,,,-87,-86,-87,-84,-90,-91
3,3,1,-95,-111,-120,,,,-85,-85,-85,-120,-120,-90,-86,-88,-87,,,,,,
7,8,1,,,,-87,-86,-87,-89,-90,-90,-68,-67,-66,,,,-86,-85,-85,-87,-85,-84
7,8,1,,,,-88,-85,-86,-89,-89,-105,-67,-67,-67,,,,-86,-85,-87,-88,-89,-87
7,8,1,,,,-87,-85,-87,-88,-85,-84,-71,-70,-72,,,,-85,-84,-89,-87,-85,-86
7,8,1,,,,-87,-90,-89,-106,-120,-88,-83,-83,-76,,,,-84,-100,-88,-85,-83,-86
8,8,3,-91,-89,-87,-82,-81,-77,-88,-89,-88,-71,-69,-71,-89,-91,-94,-86,-83,-85,-74,-77,-74
8,8,1,,,,-90,-88,-89,-86,-86,-86,-80,-79,-79,,,,-88,-87,-86,-88,-86,-86
8,8,3,-89,-90,-89,-79,-82,-81,-92,-93,-87,-72,-72,-70,-90,-89,-90,-85,-83,-84,-72,-75,-76
8,8,1,,,,-88,-87,-86,-89,-105,-90,-81,-81,-82,,,,-90,-106,-120,-88,-89,-88
8,8,3,-92,-90,-90,-79,-82,-83,-87,-90,-91,-72,-72,-73,-120,-90,-89,-82,-81,-82,-72,-72,-74
8,8,1,,,,-86,-87,-87,-106,-120,-120,-78,-80,-82,,,,-91,-89,-90,-87,-89,-92
8,8,3,-107,-120,-120,-82,-82,-81,-87,-84,-86,-69,-71,-70,-90,-89,-91,-81,-80,-81,-75,-72,-72
8,8,1,,,,-89,-90,-91,-89,-88,-88,-81,-80,-81,,,,-108,-89,-89,-92,-108,-89
8,8,3,-90,-90,-89,-80,-80,-79,-88,-88,-90,-71,-71,-73,,,,-85,-84,-82,-74,-74,-73
6,6,1,,,,-90,-88,-88,-88,-87,-87,-84,-82,-81,,,,,,,-111,-120,-89
8,8,3,-89,-88,-89,-80,-81,-80,-87,-87,-86,-71,-74,-76,,,,-85,-85,-84,-74,-72,-70
8,8,3,-108,-90,-92,-79,-80,-79,-89,-88,-86,-69,-68,-68,,,,-83,-83,-84,-70,-71,-72
8,8,1,,,,-87,-90,-89,-87,-90,-89,-79,-79,-79,,,,-89,-105,-90,-89,-89,-89
8,8,3,-88,-88,-88,-80,-82,-83,-85,-84,-85,-70,-73,-77,,,,-85,-84,-84,-73,-73,-71
7,8,1,,,,-86,-88,-85,-92,-92,-108,-79,-78,-78,,,,-89,-86,-86,-90,-106,-120
8,8,3,-89,-90,-89,-82,-81,-84,-80,-81,-80,-73,-73,-73,,,,-87,-85,-85,-73,-72,-74
7,8,1,,,,-85,-85,-86,-89,-90,-90,-78,-78,-79,,,,-89,-88,-90,-87,-87,-89
7,8,1,,,,-87,-87,-90,-85,-85,-89,-79,-82,-83,,,,-92,-92,-89,-87,-87,-90
8,8,3,-120,-120,-120,-81,-81,-82,-83,-81,-79,-73,-77,-75,,,,-84,-83,-83,-74,-75,-73
8,8,1,,,,-85,-84,-84,-94,-91,-90,-81,-81,-81,,,,-88,-88,-89,-89,-85,-83
8,8,3,-91,-91,-91,-81,-81,-81,-85,-82,-82,-73,-75,-74,-92,-92,-92,-83,-83,-82,-72,-73,-73
8,8,1,,,,-83,-83,-84,-91,-91,-91,-80,-79,-78,,,,-89,-91,-88,-84,-83,-85
8,8,3,-93,-92,-91,-81,-81,-81,-82,-81,-80,-72,-70,-70,-107,-120,-120,-83,-82,-84,-73,-70,-70
7,8,1,,,,-84,-88,-87,-88,-86,-87,-80,-80,-80,,,,-90,-90,-89,-88,-84,-85
8,8,3,,,,-82,-81,-81,-83,-87,-83,-70,-70,-69,,,,-87,-91,-84,-75,-75,-76
1,1,3,-70,-71,-71,-82,-81,-81,-86,-86,-87,-91,-107,-90,-61,-61,-61,-82,-79,-80,-92,-93,-93
1,1,3,-73,-76,-76,-80,-80,-80,-85,-85,-85,,,,-62,-63,-63,-81,-83,-82,,,
1,1,3,-75,-77,-75,-81,-81,-81,-87,-86,-86,,,,-64,-63,-63,-83,-83,-86,-106,-92,-108
1,1,1,-84,-85,-84,-88,-91,-90,,,,,,,-72,-73,-73,-88,-88,-89,,,
1,1,1,-85,-85,-86,-86,-87,-87,,,,,,,-79,-79,-77,-87,-88,-90,,,
3,3,1,-91,-90,-90,,,,-90,-88,-89,,,,-84,-84,-83,,,,,,
3,3,3,-88,-89,-89,-86,-86,-86,-84,-87,-85,-85,-85,-86,-75,-74,-74,-81,-78,-79,,,
3,3,3,-87,-87,-86,-86,-86,-86,-81,-80,-80,-85,-89,-105,-75,-75,-75,-79,-79,-80,,,
3,3,1,,,,,,,-87,-87,-88,,,,-82,-82,-83,-90,-90,-90,,,
3,3,3,-89,-89,-89,-88,-86,-90,-85,-80,-84,-87,-85,-85,-75,-75,-75,-79,-80,-81,,,
3,3,1,,,,,,,-86,-86,-84,,,,-82,-82,-82,-89,-105,-89,,,
3,3,3,-88,-86,-87,-86,-90,-91,-82,-87,-79,-85,-85,-88,-75,-75,-75,-77,-79,-79,,,
3,3,1,,,,,,,-85,-83,-87,,,,-81,-82,-82,-90,-91,-91,,,
3,3,3,-88,-86,-87,-90,-94,-87,-81,-80,-82,-84,-86,-84,-74,-74,-74,-79,-76,-78,,,
3,3,1,,,,,,,-85,-85,-85,,,,-81,-82,-82,-90,-89,-90,,,
3,3,3,-87,-89,-88,-89,-86,-86,-83,-84,-85,-86,-84,-88,-73,-74,-75,-80,-80,-79,,,
3,3,3,-89,-89,-88,-88,-90,-87,-79,-81,-81,-87,-86,-84,-74,-74,-73,-78,-78,-78,,,
3,3,1,,,,,,,-83,-85,-83,,,,-82,-83,-81,-92,-108,-120,,,
3,3,1,,,,,,,-85,-86,-86,,,,-82,-82,-82,-120,-90,-91,,,
3,3,3,-88,-89,-89,-89,-90,-89,-80,-84,-84,-83,-84,-85,-74,-74,-75,-79,-80,-78,,,
3,3,1,,,,,,,-87,-87,-86,,,,-82,-82,-82,,,,,,
3,3,3,-88,-88,-88,-87,-86,-86,-85,-81,-86,-91,-86,-85,-72,-74,-75,-77,-79,-81,,,
3,3,3,-86,-90,-88,-87,-89,-89,-84,-80,-80,-85,-84,-90,-75,-75,-75,-78,-78,-76,,,
3,3,1,,,,,,,-84,-83,-84,,,,-82,-82,-82,,,,,,
3,3,1,,,,,,,-84,-84,-84,-120,-120,-120,-83,-82,-83,-93,-89,-105,,,
3,3,1,,,,,,,-77,-80,-84,-90,-90,-90,-87,-83,-86,,,,,,
3,3,1,,,,,,,-87,-88,-88,-88,-89,-105,-85,-88,-88,,,,,,
3,3,1,,,,,,,-82,-81,-82,-91,-91,-88,-85,-83,-87,,,,,,
3,3,1,,,,,,,-86,-85,-87,-120,-89,-89,-87,-88,-88,,,,,,
3,3,1,,,,,,,-78,-76,-78,,,,-86,-85,-85,-89,-88,-90,,,
3,3,3,,,,-91,-88,-86,-83,-83,-83,,,,-75,-74,-72,-86,-87,-86,,,
3,3,1,,,,-106,-120,-120,-77,-74,-77,,,,-86,-87,-88,-84,-89,-89,,,
3,3,1,,,,,,,-86,-86,-88,,,,-87,-87,-85,,,,,,
4,3,1,,,,,,,-78,-79,-79,-94,-89,-105,-89,-86,-92,-86,-87,-87,,,
4,3,1,,,,-91,-91,-90,-81,-81,-83,-91,-92,-108,-83,-83,-85,-88,-90,-90,,,
3,3,1,,,,-90,-90,-106,-81,-80,-82,,,,-83,-83,-82,-90,-90,-106,,,
3,3,1,,,,-120,-120,-120,-84,-84,-85,,,,-84,-87,-85,-88,-90,-90,,,
3,3,1,,,,,,,-85,-85,-86,,,,-86,-84,-84,-90,-106,-91,,,
3,3,1,,,,,,,-83,-84,-84,,,,-87,-86,-86,-92,-92,-92,,,
3,3,3,,,,-106,-92,-87,-76,-79,-79,-107,-90,-89,-72,-73,-72,-85,-86,-86,,,
3,3,1,,,,,,,-84,-84,-85,,,,-86,-84,-84,-91,-91,-91,,,
3,3,3,,,,-93,-93,-95,-83,-81,-79,-88,-89,-90,-73,-71,-72,-84,-84,-84,,,
3,3,1,,,,,,,-87,-84,-84,,,,-87,-86,-85,-90,-90,-90,,,
3,3,3,,,,-92,-89,-90,-76,-80,-82,-89,-89,-89,-72,-72,-71,-84,-85,-84,,,
3,3,3,,,,-89,-87,-89,-78,-79,-76,-87,-85,-86,-75,-75,-76,-84,-90,-88,-92,-92,-92
3,3,1,,,,-92,-92,-92,-84,-82,-81,-91,-91,-107,-85,-85,-85,-88,-92,-108,,,
1,1,1,-72,-72,-76,-86,-86,-89,,,,,,,-79,-84,-76,-85,-84,-82,,,
1,1,3,-75,-73,-73,-84,-84,-83,,,,,,,-67,-68,-68,-85,-87,-88,,,
1,1,1,-75,-75,-78,-84,-87,-87,,,,,,,-77,-78,-83,-81,-82,-82,,,
1,1,3,-72,-74,-79,-85,-93,-89,,,,,,,-68,-72,-72,-87,-88,-92,,,
1,1,3,-81,-79,-78,-88,-86,-86,,,,,,,-70,-70,-72,-86,-89,-89,,,
1,1,1,-80,-79,-76,-85,-84,-83,,,,,,,-79,-82,-82,-87,-83,-83,,,
2,2,3,-76,-79,-79,-82,-83,-83,,,,,,,-80,-82,-85,-78,-83,-80,-120,-120,-120
2,2,1,-85,-82,-78,-87,-87,-86,-120,-120,-120,-86,-84,-87,-85,-90,-92,-76,-75,-75,,,
2,2,3,-83,-79,-78,-83,-83,-84,-91,-94,-92,-107,-120,-120,-79,-79,-79,-77,-77,-76,-88,-89,-89
2,2,1,-81,-81,-83,-87,-84,-86,,,,-89,-91,-89,-85,-86,-86,-74,-75,-75,,,
2,2,3,-79,-80,-80,-84,-84,-84,-93,-109,-92,,,,-78,-79,-79,-75,-75,-77,-88,-87,-87
2,2,1,-83,-83,-84,-87,-86,-89,-105,-120,-120,-88,-89,-89,-85,-82,-83,-75,-76,-76,,,
2,2,3,-80,-79,-83,-84,-84,-84,-91,-91,-89,-91,-91,-90,-79,-78,-78,-77,-77,-76,-87,-87,-87
2,2,1,-81,-81,-81,-87,-87,-85,-90,-90,-106,-87,-87,-91,-84,-87,-88,-75,-75,-76,,,
2,2,3,-79,-77,-78,-84,-83,-84,-106,-120,-90,-93,-93,-93,-81,-81,-79,-76,-75,-75,-89,-90,-91
2,2,1,-82,-82,-79,-86,-87,-87,-88,-88,-88,-89,-88,-90,-85,-85,-85,-75,-76,-77,,,
2,2,3,-77,-76,-75,-85,-82,-82,-120,-90,-87,-90,-90,-106,-83,-82,-82,-75,-74,-74,-87,-90,-91
2,2,1,-83,-82,-80,-85,-87,-84,-89,-89,-90,-90,-89,-89,-86,-88,-89,-75,-75,-79,,,
2,2,3,-77,-77,-78,-82,-82,-84,-90,-90,-91,-91,-91,-107,-82,-83,-86,-74,-71,-74,-91,-90,-89
2,2,3,-75,-75,-82,-83,-83,-83,-87,-88,-89,-110,-120,-120,-81,-81,-81,-74,-74,-73,-120,-120,-120
2,2,1,-78,-78,-78,-86,-84,-83,-105,-120,-120,-90,-91,-107,-83,-84,-84,-76,-78,-78,,,
2,2,1,-80,-80,-81,-86,-87,-87,,,,,,,-86,-88,-88,-85,-83,-83,,,
2,2,3,-83,-78,-76,-82,-81,-82,-88,-89,-91,,,,-80,-80,-80,-74,-74,-73,,,
2,2,1,-78,-78,-78,-83,-82,-83,,,,,,,-84,-83,-88,-78,-79,-81,,,
2,2,1,-77,-77,-78,-83,-83,-83,,,,,,,-84,-85,-87,-78,-77,-77,,,
2,2,3,-75,-78,-76,-85,-84,-83,-88,-87,-90,,,,-80,-80,-81,-74,-74,-74,-120,-120,-120
2,2,1,-78,-78,-78,-83,-83,-83,,,,-90,-90,-106,-85,-84,-85,-79,-78,-80,,,
2,2,3,-76,-77,-77,-85,-84,-84,-88,-89,-89,,,,-78,-81,-81,-74,-74,-73,,,
2,2,3,-77,-76,-73,-83,-81,-80,-88,-90,-106,-94,-110,-91,-77,-79,-79,-74,-72,-76,-91,-89,-89
2,2,1,-78,-82,-84,-85,-86,-84,,,,-120,-120,-120,-85,-88,-89,-78,-79,-79,-92,-92,-91
5,5,1,,,,-82,-81,-83,,,,,,,,,,-83,-90,-88,-92,-108,-120
2,2,3,-71,-70,-72,-83,-83,-85,-93,-93,-93,-105,-90,-89,-79,-78,-79,-75,-74,-80,-90,-92,-91
5,2,1,-87,-84,-85,-84,-86,-89,,,,,,,,,,-81,-82,-77,,,
2,2,3,-72,-72,-73,-81,-79,-81,,,,,,,-79,-79,-78,-79,-77,-74,-91,-89,-89
5,2,1,-85,-85,-85,-85,-84,-86,,,,,,,,,,-79,-79,-79,,,
2,2,1,-85,-87,-84,-86,-90,-85,,,,,,,-92,-92,-89,-77,-78,-77,,,
2,2,3,-74,-73,-72,-81,-83,-82,,,,-89,-89,-89,-78,-78,-78,-76,-76,-76,-91,-90,-90
5,2,1,-88,-87,-87,-87,-87,-87,,,,,,,-91,-90,-88,-79,-77,-75,,,
2,2,1,-81,-79,-78,-84,-83,-82,,,,,,,-90,-106,-84,-85,-87,-84,,,
2,2,1,-79,-79,-79,-80,-79,-80,,,,,,,-83,-83,-83,-83,-83,-85,,,
5,2,1,-81,-78,-77,-81,-81,-81,,,,,,,-87,-87,-91,-85,-85,-87,,,
2,2,3,-79,-77,-79,-83,-79,-79,-90,-106,-91,,,,-85,-85,-86,-77,-77,-78,-120,-90,-88
1,2,1,-85,-84,-83,-81,-81,-80,,,,,,,-91,-92,-89,-120,-91,-90,,,
2,2,3,-76,-77,-77,-85,-85,-84,,,,,,,-82,-83,-84,-78,-78,-76,-89,-90,-89
2,2,3,-77,-81,-78,-82,-83,-85,-93,-90,-90,,,,-83,-83,-83,-76,-74,-74,-89,-90,-90
1,2,1,-78,-81,-80,-84,-84,-82,,,,,,,-89,-88,-86,-82,-83,-89,,,
2,2,3,-78,-78,-78,-83,-84,-83,,,,,,,-84,-84,-84,-77,-77,-76,-91,-91,-93
2,2,3,-79,-80,-80,-86,-83,-84,,,,,,,-85,-86,-87,-80,-80,-78,-93,-91,-107
2,2,3,-81,-81,-81,-83,-81,-83,-91,-107,-120,,,,-86,-85,-86,-77,-78,-79,-88,-91,-91
2,2,3,-82,-81,-82,-83,-83,-81,,,,,,,-86,-85,-85,-77,-77,-76,-93,-93,-93
2,2,3,-80,-79,-80,-85,-84,-83,,,,,,,-85,-86,-84,-77,-76,-77,-89,-94,-110
2,2,3,-79,-78,-78,-82,-82,-81,-108,-120,-120,,,,-85,-85,-87,-77,-77,-76,-90,-106,-120
5,2,1,-79,-78,-79,-87,-86,-86,,,,,,,-88,-85,-87,-81,-81,-81,,,
2,2,3,-79,-79,-78,-82,-82,-83,-106,-92,-92,,,,-84,-88,-87,-75,-77,-78,-108,-120,-120
2,2,1,-80,-81,-79,-85,-87,-86,,,,,,,-88,-87,-85,-83,-82,-83,,,
2,2,3,-81,-79,-79,-82,-82,-82,,,,,,,-85,-85,-85,-74,-80,-78,,,
2,2,3,-79,-80,-79,-82,-82,-83,-120,-120,-120,,,,-84,-84,-85,-75,-80,-77,-120,-120,-120
2,2,1,-82,-82,-81,-89,-88,-85,,,,,,,-88,-90,-90,-78,-81,-82,,,
2,2,3,-79,-78,-79,-83,-82,-82,-120,-120,-120,,,,-84,-84,-85,-76,-79,-80,-107,-120,-91
2,2,3,-80,-80,-79,-81,-80,-80,,,,,,,-88,-88,-86,-74,-72,-72,-120,-120,-120
2,2,1,-82,-81,-81,-87,-87,-87,,,,,,,-85,-85,-87,-82,-85,-81,,,
2,2,1,-75,-75,-74,-84,-82,-82,,,,,,,-87,-87,-88,-76,-73,-77,,,
2,2,3,-66,-68,-71,-83,-83,-84,,,,-92,-92,-92,-86,-88,-88,-77,-77,-77,,,
2,2,1,-77,-75,-76,-85,-84,-86,,,,,,,-92,-89,-90,-77,-78,-78,,,
2,2,1,-77,-78,-77,-86,-87,-87,,,,,,,-93,-92,-93,-81,-81,-81,,,
2,2,3,-69,-69,-68,-80,-80,-80,,,,-120,-120,-120,-88,-87,-87,-79,-77,-74,,,
2,2,1,-76,-76,-76,-86,-88,-86,,,,,,,-93,-91,-89,-82,-80,-81,,,
2,2,3,-68,-69,-68,-80,-81,-82,,,,,,,-86,-86,-87,-75,-76,-76,,,
2,2,1,-74,-75,-76,-85,-85,-88,,,,,,,-94,-93,-109,-82,-82,-82,,,
2,2,3,-68,-68,-68,-81,-83,-81,,,,,,,-85,-91,-89,-76,-76,-80,,,
2,2,1,-76,-75,-75,-83,-82,-83,,,,,,,-92,-92,-90,-82,-83,-83,,,
2,2,3,-68,-68,-68,-81,-81,-81,,,,,,,-89,-91,-90,-75,-77,-77,,,
2,2,3,-67,-67,-67,-80,-81,-81,,,,-120,-90,-89,-87,-88,-90,-72,-75,-76,,,
5,5,1,,,,-83,-82,-84,,,,,,,,,,-84,-83,-82,,,
2,2,3,-67,-67,-68,-80,-80,-81,,,,-120,-120,-120,-90,-89,-88,-79,-79,-78,,,
2,2,1,-76,-77,-76,-86,-87,-84,,,,,,,-93,-109,-94,-82,-81,-82,,,
2,2,1,-76,-77,-78,-86,-87,-87,,,,,,,-91,-89,-105,-82,-82,-82,,,
2,2,3,-66,-66,-67,-80,-80,-81,,,,-90,-89,-88,-90,-91,-89,-74,-72,-72,,,
2,2,3,-68,-70,-78,-80,-80,-80,,,,-91,-91,-107,-86,-85,-89,-75,-82,-79,,,
4,4,3,-94,-90,-88,-90,-87,-88,-80,-81,-82,-86,-86,-85,-89,-88,-87,-83,-84,-83,-91,-91,-91
4,4,1,,,,-89,-88,-85,-84,-83,-82,-86,-86,-85,-90,-90,-90,-82,-82,-82,,,
3,4,3,,,,-85,-85,-84,-74,-74,-74,-82,-84,-80,-80,-82,-81,-81,-81,-80,,,
3,4,3,,,,-84,-86,-87,-74,-73,-74,-79,-83,-81,-81,-81,-81,-84,-81,-84,-90,-89,-90
4,4,1,,,,-88,-89,-88,-82,-82,-81,-88,-85,-85,-92,-92,-89,-82,-82,-82,,,
3,4,3,,,,-86,-87,-82,-73,-73,-75,-82,-81,-79,-81,-80,-81,-82,-82,-82,-91,-107,-90
4,4,1,,,,-89,-89,-90,-82,-82,-82,-87,-86,-87,-120,-120,-93,-82,-82,-82,,,
3,4,3,,,,-86,-85,-85,-73,-73,-73,-86,-83,-81,-81,-81,-81,-82,-82,-81,,,
4,4,1,,,,-89,-91,-90,-83,-83,-83,-88,-86,-86,-90,-90,-106,-80,-81,-81,,,
3,4,3,-107,-120,-120,-84,-84,-85,-72,-72,-73,-83,-83,-85,-80,-80,-81,-80,-83,-81,,,
4,4,3,,,,-81,-82,-81,-75,-75,-76,-83,-84,-86,-85,-85,-86,-83,-79,-78,,,
7,4,1,,,,-87,-87,-87,-86,-88,-88,-87,-86,-85,-91,-89,-90,-83,-83,-83,-107,-92,-92
4,4,3,-90,-89,-105,-83,-81,-81,-77,-77,-77,-81,-84,-83,-86,-86,-85,-78,-77,-76,-88,-88,-88
7,4,1,,,,-89,-87,-87,-83,-84,-85,-88,-88,-87,-91,-90,-90,-83,-81,-79,-93,-93,-109
4,4,1,,,,-89,-89,-89,-86,-88,-87,-88,-86,-85,-91,-90,-106,-81,-79,-80,,,
4,4,3,-103,-119,-120,-81,-83,-81,-76,-77,-79,-80,-84,-84,-86,-88,-87,-82,-79,-78,-92,-87,-87
4,4,1,,,,-89,-89,-90,-85,-86,-86,-86,-85,-85,,,,-81,-81,-80,-89,-89,-93
4,4,3,,,,-80,-82,-82,-78,-78,-78,-80,-83,-85,-85,-90,-88,-80,-81,-80,-91,-87,-86
4,4,3,-120,-120,-120,-81,-82,-82,-79,-78,-77,-84,-82,-84,-85,-86,-87,-80,-79,-79,-87,-86,-89
7,4,1,,,,-88,-88,-88,-88,-88,-88,-85,-84,-84,,,,-81,-81,-80,-90,-106,-120
4,4,3,,,,-81,-82,-81,-78,-78,-77,-85,-90,-87,-86,-86,-85,-79,-80,-82,-89,-88,-89
7,4,1,,,,-90,-89,-89,-87,-87,-87,-84,-84,-84,-90,-91,-107,-80,-79,-80,-92,-90,-106
4,4,3,-90,-106,-120,-82,-82,-82,-79,-80,-78,-80,-80,-89,-85,-85,-86,-81,-79,-82,-88,-88,-91
7,4,1,,,,-90,-89,-89,-88,-86,-86,-84,-84,-85,-90,-91,-91,-80,-81,-80,,,
4,4,1,,,,-87,-88,-87,-79,-80,-81,-87,-88,-86,-86,-86,-87,-79,-78,-78,-120,-120,-120
4,4,3,,,,-86,-87,-84,-72,-73,-75,-76,-80,-79,-87,-85,-86,-82,-79,-80,,,
4,4,3,-91,-107,-120,-86,-89,-90,-72,-73,-75,-81,-83,-77,-85,-85,-87,-83,-80,-80,,,
7,7,1,,,,-89,-89,-91,-87,-86,-86,-76,-76,-75,-93,-93,-91,-89,-87,-87,-89,-89,-89
4,4,1,,,,-88,-88,-88,-77,-80,-81,-88,-86,-86,-87,-87,-87,-78,-78,-79,-92,-92,-108
4,4,3,-93,-92,-88,-85,-84,-88,-73,-72,-72,-81,-84,-86,-87,-85,-84,-81,-82,-80,-89,-89,-91
4,4,1,,,,-90,-89,-87,-78,-78,-80,-87,-86,-87,-87,-87,-87,-79,-79,-78,,,
4,4,3,-120,-90,-91,-85,-86,-85,-74,-72,-73,-79,-76,-81,-84,-83,-85,-83,-81,-82,-120,-120,-120
4,4,1,,,,-87,-87,-89,-77,-76,-76,-84,-87,-86,-86,-85,-87,-79,-79,-79,,,
4,4,3,,,,-85,-84,-84,-73,-71,-70,-76,-77,-79,-84,-85,-84,-82,-81,-83,-92,-92,-88
4,4,1,,,,-87,-88,-89,-78,-80,-81,-85,-83,-91,-87,-87,-86,-78,-78,-79,,,
4,4,3,-91,-89,-105,-84,-85,-84,-71,-73,-72,-83,-85,-86,-84,-84,-85,-79,-79,-80,-88,-92,-89
4,4,1,,,,-89,-87,-86,-79,-84,-83,-86,-90,-91,-91,-91,-92,-78,-78,-78,-91,-90,-90
4,4,3,,,,-84,-83,-86,-72,-71,-70,-78,-79,-81,-80,-80,-80,-79,-79,-79,-89,-89,-89
4,4,1,,,,-89,-91,-89,-83,-83,-82,-85,-85,-85,-89,-89,-90,-78,-78,-77,-120,-92,-91
4,4,3,,,,-82,-82,-88,-70,-70,-70,-80,-87,-82,-79,-79,-85,-78,-79,-79,-107,-90,-106
4,4,1,,,,-87,-89,-89,-79,-80,-79,-85,-85,-85,-91,-107,-90,-78,-78,-78,-90,-106,-91
4,4,3,,,,-83,-83,-83,-72,-71,-72,-77,-77,-80,-81,-81,-82,-80,-79,-80,-88,-88,-94
4,4,1,,,,-90,-89,-89,-87,-82,-81,-87,-88,-89,-105,-90,-89,-78,-78,-77,-108,-120,-92
4,4,3,,,,-86,-82,-83,-72,-72,-74,-81,-76,-87,-85,-80,-80,-79,-79,-80,-90,-89,-90
7,4,1,,,,-89,-89,-88,-78,-83,-80,-89,-91,-89,-91,-90,-86,-78,-78,-77,-91,-90,-92
4,4,3,,,,-81,-82,-82,-71,-71,-71,-83,-81,-85,-80,-89,-87,-80,-81,-81,-88,-89,-89
4,4,1,,,,-89,-91,-90,-82,-89,-81,-87,-85,-84,-90,-90,-92,-78,-78,-78,,,
4,4,3,,,,-85,-82,-83,-72,-73,-72,-85,-78,-75,-82,-90,-80,-78,-77,-78,-89,-105,-90
4,4,1,,,,-86,-88,-88,-82,-80,-80,-88,-85,-83,-92,-93,-91,-78,-78,-78,,,
4,4,1,,,,-88,-87,-88,-71,-72,-72,-82,-82,-82,,,,-83,-85,-84,-110,-90,-90
4,4,1,,,,-85,-87,-88,-73,-74,-75,-84,-85,-85,-89,-89,-92,-86,-88,-87,,,
4,4,3,,,,-85,-86,-87,-76,-76,-77,-84,-85,-86,-82,-82,-80,-80,-80,-80,-90,-106,-120
5,5,1,-88,-86,-85,-79,-81,-79,,,,,,,,,,-80,-78,-78,-103,-87,-88
4,4,3,,,,-85,-85,-86,-75,-75,-76,-84,-85,-89,-80,-79,-81,-82,-82,-81,,,
3,3,1,,,,-85,-86,-88,-74,-74,-74,-89,-91,-90,-88,-93,-92,-86,-85,-86,,,
4,4,1,,,,-88,-88,-88,-74,-75,-73,-88,-88,-90,-120,-120,-120,-86,-86,-87,,,
4,4,3,-90,-93,-109,-84,-84,-84,-73,-73,-73,-83,-83,-83,-81,-81,-82,-82,-80,-79,,,
4,4,1,,,,-89,-89,-89,-70,-71,-72,-90,-89,-87,-108,-120,-90,-87,-86,-89,,,
3,4,3,-90,-106,-120,-86,-85,-86,-73,-72,-71,-83,-83,-83,-80,-81,-82,-81,-81,-82,,,
4,4,3,,,,-88,-86,-87,-75,-73,-73,-83,-82,-82,-84,-84,-83,-80,-81,-81,,,
4,4,1,,,,-88,-88,-88,-73,-72,-72,-107,-120,-120,-120,-92,-92,-86,-87,-89,,,
4,4,1,,,,-88,-88,-88,-71,-72,-72,-89,-90,-106,-89,-89,-91,-88,-89,-89,,,
4,4,3,,,,-87,-86,-86,-73,-75,-74,-85,-83,-82,-83,-80,-85,-81,-81,-79,,,
4,4,1,,,,-88,-88,-88,-71,-72,-71,-90,-90,-90,-109,-120,-120,-89,-90,-90,,,
4,4,3,,,,-87,-88,-85,-73,-75,-73,-82,-82,-82,-84,-82,-81,-81,-81,-82,,,
4,4,1,,,,-87,-89,-87,-72,-72,-72,-91,-92,-108,,,,-90,-88,-89,,,
4,4,3,,,,-88,-87,-88,-74,-72,-76,-82,-82,-82,-87,-85,-82,-82,-81,-82,,,
4,4,3,,,,-87,-89,-85,-71,-72,-71,-83,-83,-83,-80,-82,-79,-81,-80,-84,,,
4,4,1,,,,-88,-89,-88,-72,-72,-72,-92,-108,-120,,,,-90,-90,-90,,,
4,4,1,,,,-88,-90,-87,-73,-73,-72,-92,-108,-91,,,,-89,-88,-89,,,
3,4,3,,,,-87,-89,-86,-70,-70,-72,-83,-83,-83,-82,-80,-79,-84,-81,-82,,,
5,5,1,,,,-82,-84,-83,,,,,,,,,,-81,-82,-83,,,
3,4,3,,,,-88,-85,-89,-71,-70,-72,-83,-82,-83,-82,-81,-81,-81,-83,-83,,,
4,4,1,,,,-88,-89,-88,-73,-72,-72,-90,-89,-89,,,,-89,-89,-88,,,
3,4,3,,,,-86,-87,-86,-72,-74,-74,-83,-84,-82,-82,-83,-82,-83,-81,-82,,,
4,4,3,,,,-85,-85,-85,-71,-70,-71,-82,-82,-82,-83,-85,-88,-81,-82,-82,,,
4,4,1,,,,-90,-88,-88,-73,-75,-73,-90,-90,-91,,,,-88,-88,-88,,,
5,5,3,-88,-84,-80,-75,-74,-75,,,,,,,,,,-78,-72,-75,-91,-92,-92
5,5,3,-84,-84,-82,-73,-74,-73,,,,,,,,,,-72,-72,-72,-89,-90,-88
5,5,3,-84,-83,-85,-75,-76,-76,-93,-94,-110,,,,,,,-75,-76,-75,-88,-89,-89
5,5,1,-87,-87,-89,-80,-80,-79,,,,,,,,,,-83,-83,-80,-89,-90,-106
5,5,3,-84,-84,-83,-77,-76,-77,,,,,,,,,,-77,-76,-76,-90,-88,-88
5,5,1,-88,-91,-90,-80,-80,-79,,,,,,,,,,-82,-82,-80,-88,-88,-89
5,5,3,-84,-83,-84,-77,-76,-76,,,,,,,,,,-75,-75,-77,-90,-106,-89
5,5,1,-88,-89,-89,-80,-80,-79,,,,,,,,,,-79,-78,-80,-87,-87,-88
5,5,3,-82,-83,-82,-77,-77,-77,,,,,,,,,,-77,-78,-82,-90,-89,-105
5,5,1,-90,-88,-87,-79,-78,-78,,,,,,,,,,-78,-78,-77,-89,-89,-88
5,5,3,-83,-81,-82,-78,-78,-78,,,,,,,,,,-80,-80,-78,-107,-92,-90
5,5,1,-90,-106,-120,-84,-88,-87,,,,,,,,,,-84,-83,-84,,,
5,5,3,-83,-83,-83,-77,-79,-78,,,,,,,,,,-78,-79,-78,-90,-90,-88
5,5,1,-87,-89,-88,-78,-80,-79,,,,,,,,,,-78,-78,-79,-87,-87,-88
5,5,3,-82,-83,-84,-79,-77,-77,,,,,,,,,,-78,-78,-78,-88,-86,-87
5,5,1,-86,-88,-89,-79,-78,-79,,,,,,,,,,-78,-79,-80,-88,-88,-91
5,5,3,-82,-83,-83,-77,-77,-77,,,,,,,,,,-78,-78,-78,-88,-88,-89
5,5,1,-86,-86,-86,-79,-80,-78,,,,,,,,,,-80,-77,-74,-120,-92,-92
5,5,1,-88,-88,-88,-78,-78,-78,,,,,,,,,,-80,-79,-79,-91,-89,-89
5,5,3,-82,-83,-83,-79,-79,-80,,,,,,,,,,-78,-79,-79,-87,-89,-90
5,5,1,-86,-87,-86,-78,-79,-81,,,,,,,,,,-80,-80,-76,-107,-120,-120
5,5,3,-87,-86,-84,-78,-79,-79,,,,,,,,,,-77,-78,-78,-120,-120,-120
5,5,1,-84,-83,-83,-76,-77,-77,,,,,,,,,,-79,-79,-78,,,
5,5,3,-80,-80,-82,-76,-76,-77,,,,,,,,,,-69,-69,-70,-88,-90,-90
5,5,1,-90,-89,-87,-79,-78,-80,,,,,,,,,,-77,-76,-78,,,
5,5,3,-78,-78,-78,-74,-74,-74,,,,,,,,,,-69,-69,-69,-87,-87,-87
5,5,3,-78,-80,-79,-75,-76,-78,,,,,,,,,,-68,-69,-69,-86,-89,-89
5,5,1,-88,-88,-87,-83,-82,-81,,,,,,,,,,-75,-74,-75,-120,-120,-120
5,5,3,-81,-80,-79,-78,-76,-75,,,,,,,,,,-70,-70,-68,-89,-89,-89
5,5,1,-83,-88,-88,-78,-78,-77,,,,,,,,,,-73,-68,-66,,,
5,5,3,-78,-78,-78,-76,-76,-78,,,,,,,,,,-69,-70,-70,-92,-93,-109
5,5,1,-88,-86,-86,-76,-75,-74,,,,,,,,,,-70,-70,-73,-109,-120,-120
5,5,3,-77,-76,-78,-74,-74,-75,,,,,,,,,,-67,-68,-69,,,
5,5,1,-91,-89,-87,-79,-79,-77,,,,,,,,,,-70,-73,-73,-91,-91,-91
5,5,3,-82,-81,-80,-75,-73,-72,,,,,,,,,,-70,-68,-68,-91,-91,-90
5,5,1,-120,-93,-89,-79,-78,-78,,,,,,,,,,-69,-71,-71,-90,-90,-90
5,5,3,-83,-81,-81,-71,-73,-75,,,,,,,,,,-70,-69,-70,-94,-93,-109
5,5,1,-120,-120,-92,-80,-78,-78,,,,,,,,,,-71,-70,-69,,,
5,5,3,-84,-83,-83,-71,-74,-72,,,,,,,,,,-68,-67,-68,,,
5,5,3,-83,-82,-84,-70,-72,-71,,,,,,,,,,-69,-67,-66,-120,-120,-91
5,5,1,-92,-89,-87,-78,-78,-78,,,,,,,,,,-72,-71,-71,-90,-90,-89
5,5,3,-79,-81,-81,-72,-71,-72,,,,,,,,,,-73,-69,-69,-88,-89,-90
5,5,1,-89,-88,-88,-77,-78,-80,,,,,,,,,,-74,-74,-72,-107,-120,-120
5,5,3,-81,-80,-81,-75,-74,-75,,,,,,,,,,-68,-67,-67,-107,-120,-120
5,5,1,-85,-86,-85,-77,-77,-77,,,,,,,,,,-69,-70,-71,-106,-90,-90
5,5,3,-82,-83,-81,-73,-74,-75,,,,,,,,,,-68,-69,-68,-106,-91,-90
5,5,3,-82,-83,-82,-73,-73,-73,,,,,,,,,,-67,-67,-67,-91,-89,-89
5,5,3,-81,-80,-80,-72,-71,-70,,,,,,,,,,-68,-66,-66,-91,-107,-91
5,5,3,-80,-81,-82,-72,-72,-72,,,,,,,,,,-65,-66,-66,-89,-90,-106
5,5,1,-84,-85,-85,-78,-78,-78,,,,,,,,,,-70,-70,-71,-108,-120,-120
5,5,3,-79,-81,-82,-73,-73,-72,,,,,,,,,,-65,-66,-66,-107,-89,-89
5,5,1,-85,-85,-86,-78,-78,-77,,,,,,,,,,-71,-72,-71,-108,-90,-90
5,5,3,-82,-83,-83,-66,-67,-68,,,,,,,-90,-89,-91,-75,-75,-74,,,
5,5,1,-88,-88,-88,-74,-73,-72,,,,,,,,,,-75,-77,-76,-120,-120,-92
5,5,3,-81,-83,-83,-69,-70,-69,,,,,,,-89,-90,-106,-75,-76,-76,,,
5,5,1,-88,-88,-88,-72,-73,-74,,,,,,,,,,-74,-76,-75,-90,-89,-89
5,5,3,-83,-82,-82,-70,-69,-69,,,,,,,-107,-120,-90,-80,-77,-77,,,
5,5,1,-89,-88,-88,-75,-73,-75,,,,,,,,,,-76,-75,-75,-89,-89,-89
5,5,3,-82,-82,-82,-70,-70,-71,,,,,,,,,,-76,-76,-78,,,
5,5,3,-87,-86,-83,-70,-69,-69,-120,-120,-120,,,,-93,-91,-107,-71,-74,-79,-92,-92,-91
7,7,3,-89,-90,-89,-79,-77,-79,-84,-82,-82,-76,-73,-70,-86,-86,-86,-80,-79,-80,-86,-84,-85
7,7,3,-90,-88,-89,-81,-83,-82,-81,-81,-80,-75,-75,-75,-89,-88,-88,-80,-79,-78,-90,-106,-120
7,7,1,-89,-87,-87,-84,-82,-81,-85,-88,-85,-76,-75,-76,-89,-88,-88,-88,-82,-82,-88,-83,-85
7,7,3,-89,-89,-90,-79,-77,-79,-82,-81,-80,-74,-75,-73,-88,-87,-89,-79,-78,-80,-95,-111,-88
7,7,3,-93,-91,-107,-81,-83,-82,-82,-83,-83,-73,-74,-74,-88,-88,-88,-79,-77,-79,-88,-90,-88
7,7,1,-88,-89,-105,-82,-82,-81,-92,-91,-87,-75,-77,-77,-90,-90,-90,-83,-83,-83,-85,-85,-85
7,7,3,-92,-108,-120,-82,-82,-82,-83,-83,-83,-73,-73,-75,-88,-87,-87,-79,-80,-79,-89,-87,-87
7,7,1,-120,-90,-90,-84,-84,-86,-88,-88,-87,-77,-79,-78,-90,-90,-90,-81,-81,-81,-86,-90,-87
7,7,1,-105,-90,-106,-83,-83,-84,-93,-90,-90,-78,-76,-77,-91,-107,-90,-82,-83,-82,-86,-84,-85
7,7,3,-92,-92,-108,-79,-81,-82,-83,-82,-82,-74,-72,-74,-88,-88,-87,-80,-80,-80,-87,-88,-86
7,7,1,-91,-91,-107,-82,-83,-84,-85,-85,-84,-75,-77,-77,-88,-90,-106,-83,-86,-84,-83,-83,-85
7,7,3,-120,-120,-120,-81,-81,-81,-83,-84,-84,-74,-73,-73,-88,-88,-88,-79,-80,-80,-87,-86,-86
7,7,1,,,,-88,-86,-84,-88,-91,-90,-77,-78,-78,-107,-120,-120,-82,-83,-81,-86,-88,-87
7,7,1,,,,-83,-84,-84,-86,-84,-85,-78,-79,-79,,,,-82,-82,-82,-83,-85,-86
7,7,3,-92,-89,-90,-81,-80,-79,-82,-82,-82,-74,-73,-73,-88,-89,-89,-79,-80,-79,-88,-87,-90
7,7,1,,,,-83,-84,-88,-84,-85,-91,-79,-79,-77,-89,-90,-106,-83,-80,-83,-86,-85,-88
7,7,3,-88,-89,-91,-80,-83,-84,-82,-81,-82,-73,-74,-74,-88,-88,-89,-80,-79,-79,-92,-88,-88
7,7,1,,,,-89,-88,-89,-84,-84,-87,-80,-80,-82,-106,-90,-91,-83,-84,-83,-90,-89,-87
7,7,3,-89,-89,-90,-83,-86,-82,-82,-81,-81,-73,-73,-73,-87,-88,-89,-79,-80,-80,-88,-88,-88
7,7,1,,,,-87,-87,-87,-85,-87,-85,-77,-77,-77,,,,-83,-82,-82,-85,-86,-86
7,7,3,-87,-87,-88,-81,-80,-81,-81,-81,-82,-72,-73,-73,-88,-88,-89,-79,-79,-79,-90,-106,-120
7,7,3,-88,-88,-88,-81,-80,-80,-86,-84,-82,-75,-73,-74,-88,-88,-88,-80,-79,-80,-91,-89,-89
7,7,3,-88,-90,-90,-80,-80,-80,-84,-85,-86,-73,-75,-73,-90,-89,-89,-79,-78,-79,-88,-88,-88
7,7,1,,,,-88,-88,-85,-88,-89,-88,-79,-78,-79,,,,-82,-82,-82,-87,-87,-84
7,7,1,,,,-86,-89,-88,-89,-87,-88,-78,-77,-76,-91,-107,-120,-82,-83,-84,-87,-85,-85
7,7,3,-87,-89,-85,-79,-79,-80,-84,-83,-82,-73,-71,-71,-88,-87,-87,-80,-79,-79,-91,-88,-87
7,7,1,,,,-89,-87,-84,-86,-87,-87,-78,-78,-78,-120,-90,-91,-84,-83,-83,-87,-87,-85
7,7,3,-88,-89,-89,-81,-81,-82,-82,-81,-81,-71,-71,-72,-88,-89,-89,-79,-80,-79,-85,-89,-86
7,7,1,,,,-87,-86,-86,-87,-88,-88,-76,-76,-77,-120,-120,-120,-85,-86,-85,-89,-87,-87
7,7,3,-89,-89,-89,-80,-79,-80,-83,-81,-83,-71,-71,-71,-89,-89,-90,-80,-79,-79,-88,-90,-90
7,7,1,,,,-83,-83,-83,-89,-89,-88,-78,-78,-77,-120,-120,-120,-84,-86,-85,-86,-86,-87
7,7,3,-90,-106,-120,-81,-80,-80,-82,-82,-83,-71,-72,-72,-120,-92,-90,-80,-80,-79,-90,-91,-90
7,7,3,-88,-88,-87,-84,-84,-84,-87,-86,-84,-71,-71,-72,-89,-89,-88,-79,-80,-80,-87,-89,-89
7,7,1,-120,-120,-120,-86,-90,-89,-85,-84,-85,-76,-76,-74,-89,-88,-88,-84,-85,-85,,,
7,7,1,,,,-89,-86,-83,-82,-88,-87,-79,-82,-82,-120,-120,-120,-85,-82,-81,-90,-89,-91
7,7,3,-89,-105,-90,-82,-82,-81,-82,-82,-83,-70,-71,-71,-86,-86,-87,-84,-83,-81,-83,-85,-85
7,7,1,,,,-85,-84,-86,-83,-84,-85,-84,-82,-81,-91,-92,-108,-81,-80,-80,-90,-90,-89
7,7,3,-88,-89,-90,-81,-81,-81,-84,-82,-82,-69,-70,-72,-87,-86,-86,-84,-81,-81,-88,-89,-105
4,7,1,,,,-88,-86,-85,-83,-83,-83,-83,-82,-81,,,,-85,-83,-84,-90,-90,-90
7,7,3,-90,-90,-89,-82,-82,-82,-83,-83,-84,-68,-68,-69,-89,-88,-87,-84,-83,-84,-88,-88,-88
7,7,3,-89,-90,-90,-85,-84,-82,-83,-83,-83,-69,-69,-69,-88,-88,-87,-82,-81,-80,-88,-88,-92
7,7,1,,,,-87,-88,-88,-83,-82,-85,-78,-78,-79,-91,-91,-90,-85,-85,-85,,,
7,7,1,,,,-88,-89,-88,-83,-84,-81,-77,-77,-77,-120,-120,-120,-86,-85,-84,,,
7,7,3,-93,-90,-91,-81,-82,-83,-83,-78,-77,-71,-69,-68,-120,-120,-91,-82,-81,-81,-89,-89,-90
7,7,1,,,,-89,-90,-92,-86,-85,-86,-74,-74,-74,-90,-90,-91,-89,-88,-88,,,
7,7,3,-88,-87,-89,-84,-85,-87,-86,-86,-86,-68,-68,-68,-92,-92,-92,-80,-80,-80,-86,-87,-88
7,7,1,,,,-89,-88,-88,-84,-82,-82,-77,-78,-77,-90,-91,-90,-83,-83,-84,,,
7,7,1,,,,-107,-120,-120,-82,-82,-82,-77,-77,-77,-105,-89,-90,-82,-82,-82,,,
7,7,3,-88,-88,-88,-84,-85,-84,-86,-86,-87,-69,-69,-68,-91,-90,-106,-80,-80,-80,-89,-88,-89
7,7,1,,,,-90,-92,-89,-87,-84,-86,-81,-79,-76,-89,-89,-105,-86,-86,-86,,,
7,7,3,-89,-88,-90,-83,-82,-83,-83,-83,-84,-70,-71,-72,-90,-89,-89,-79,-79,-80,-89,-85,-86
7,7,1,-92,-92,-92,-87,-88,-90,-87,-86,-88,-75,-74,-73,,,,-87,-87,-87,,,
7,7,3,-91,-92,-91,-85,-85,-86,-88,-88,-89,-71,-71,-72,-90,-89,-90,-80,-79,-81,-91,-90,-90
7,7,3,-91,-89,-90,-85,-85,-86,-88,-89,-89,-70,-70,-71,-89,-88,-88,-81,-80,-80,-90,-91,-90
7,7,3,-108,-120,-120,-87,-91,-87,-79,-78,-78,-78,-81,-77,-108,-120,-120,-85,-82,-83,-105,-120,-91
7,7,1,,,,-86,-87,-86,-87,-86,-84,-77,-77,-79,,,,-87,-89,-87,-90,-90,-88
7,7,3,-91,-91,-107,-85,-81,-82,-85,-79,-79,-77,-74,-77,-89,-86,-90,-81,-81,-78,-87,-86,-87
7,7,3,,,,-82,-81,-81,-84,-84,-85,-81,-80,-80,-89,-87,-103,-84,-83,-84,-89,-89,-90
7,7,1,,,,-109,-120,-120,-88,-90,-89,-77,-76,-76,-90,-90,-93,-92,-92,-89,-92,-91,-107
7,7,3,,,,-82,-82,-82,-87,-85,-85,-81,-81,-81,-90,-90,-91,-87,-88,-87,-87,-87,-88
7,7,1,,,,-89,-87,-88,-86,-90,-89,-76,-76,-76,-120,-120,-120,-88,-87,-87,-90,-106,-90
7,7,3,,,,-83,-84,-83,-85,-85,-85,-82,-84,-83,-92,-92,-92,-87,-87,-88,-89,-89,-89
7,7,3,,,,-84,-84,-83,-86,-86,-86,-82,-83,-82,-90,-93,-92,-87,-88,-85,-91,-90,-90
7,7,1,,,,-92,-90,-90,-88,-88,-90,-76,-76,-76,-106,-91,-92,-87,-86,-85,-89,-89,-88
7,7,1,,,,-90,-91,-91,-88,-87,-86,-76,-76,-76,-120,-90,-90,-88,-85,-86,-90,-89,-89
7,7,3,,,,-84,-83,-83,-87,-89,-89,-80,-79,-82,,,,-86,-87,-86,-91,-91,-107
7,7,1,,,,-89,-88,-90,-90,-89,-88,-77,-77,-76,-120,-120,-90,-87,-88,-87,-89,-89,-88
7,7,3,-120,-120,-120,-84,-83,-84,-88,-88,-87,-80,-81,-80,-107,-90,-90,-86,-85,-85,-107,-120,-120
7,7,3,-89,-89,-90,-84,-83,-84,-89,-88,-87,-80,-80,-81,-89,-87,-87,-85,-85,-86,,,
7,7,1,,,,-90,-89,-89,-89,-87,-88,-77,-76,-76,-91,-107,-90,-89,-89,-89,-88,-87,-90
7,7,3,-120,-120,-120,-85,-85,-84,-88,-87,-87,-83,-80,-79,-87,-87,-87,-85,-85,-86,,,
7,7,1,-90,-90,-90,-91,-91,-90,-92,-88,-87,-77,-76,-75,,,,-86,-86,-86,-120,-88,-104
7,7,3,-120,-120,-120,-79,-80,-80,-82,-83,-83,-75,-75,-76,-89,-89,-85,-84,-85,-83,-83,-84,-86
7,7,1,,,,-88,-88,-88,-89,-89,-88,-77,-76,-76,,,,-88,-87,-88,-120,-120,-92
7,7,3,,,,-80,-80,-81,-87,-87,-86,-76,-76,-76,-88,-89,-89,-83,-83,-85,-85,-84,-86
7,7,3,-107,-120,-120,-83,-83,-84,-88,-88,-88,-76,-76,-77,-90,-89,-87,-83,-83,-83,-86,-87,-84
7,7,1,,,,-86,-87,-87,-87,-87,-88,-75,-77,-75,,,,-88,-88,-88,-89,-90,-90
7,7,1,,,,-88,-87,-87,-89,-89,-89,-75,-76,-76,,,,-88,-89,-89,-90,-91,-89
1,1,1,-74,-75,-78,-120,-91,-92,,,,,,,-75,-74,-74,-92,-108,-91,,,
7,7,3,,,,-84,-83,-82,-86,-85,-86,-77,-77,-77,-87,-87,-86,-83,-83,-83,-85,-84,-84
7,7,1,,,,-88,-89,-87,-89,-89,-88,-76,-76,-76,-106,-120,-120,-89,-89,-88,-108,-120,-120
7,7,3,,,,-81,-81,-80,-87,-87,-88,-76,-77,-77,-89,-89,-87,-83,-83,-83,-84,-85,-84
7,7,1,,,,-89,-91,-91,-87,-89,-105,-77,-76,-77,-91,-91,-107,-89,-88,-87,,,
7,7,3,-120,-120,-120,-83,-82,-82,-90,-89,-85,-78,-77,-77,-91,-88,-85,-85,-85,-84,-88,-88,-88
1,1,3,-79,-80,-80,-90,-90,-90,,,,,,,-75,-72,-73,-89,-87,-89,,,
1,1,3,-76,-76,-77,-90,-91,-89,,,,,,,-72,-72,-74,-86,-87,-89,,,
1,1,3,-77,-76,-76,-89,-88,-88,,,,,,,-72,-71,-71,-87,-87,-87,,,
1,1,3,-76,-77,-77,-88,-87,-90,,,,,,,-71,-72,-72,-89,-91,-91,,,
1,1,1,-83,-83,-84,-89,-90,-89,,,,,,,-79,-77,-78,-84,-83,-87,,,
1,1,3,-77,-76,-77,-89,-89,-88,,,,,,,-71,-70,-71,-91,-89,-87,,,
1,1,1,-79,-79,-80,-86,-85,-85,,,,,,,-76,-73,-73,-89,-90,-89,,,
1,1,3,-78,-77,-78,-86,-86,-85,,,,,,,-73,-73,-72,-89,-88,-90,,,
1,1,1,-81,-80,-80,-87,-85,-87,,,,,,,-76,-75,-73,-90,-87,-88,,,
1,1,3,-77,-77,-78,-86,-85,-85,,,,,,,-70,-69,-71,-90,-88,-89,,,
1,1,3,-78,-82,-80,-86,-85,-84,,,,,,,-73,-73,-74,-88,-88,-89,,,
1,1,1,-82,-81,-82,-86,-85,-89,,,,,,,-75,-77,-79,-89,-87,-86,,,
6,6,1,,,,-79,-80,-80,,,,,,,,,,-92,-90,-106,-90,-91,-89
1,1,3,-78,-81,-80,-83,-84,-85,,,,,,,-70,-72,-72,-90,-90,-106,,,
1,1,1,-87,-84,-82,-88,-87,-87,,,,,,,-81,-78,-78,-90,-89,-92,,,
1,1,3,-83,-81,-81,-82,-81,-80,,,,,,,-74,-73,-72,-86,-83,-85,,,
1,1,1,-79,-78,-80,-88,-88,-87,,,,,,,-75,-76,-76,-86,-87,-88,,,
1,1,3,-81,-83,-83,-88,-85,-83,,,,,,,-73,-74,-77,-92,-88,-85,,,
1,1,1,-80,-85,-83,-88,-87,-91,,,,,,,-79,-80,-80,-87,-85,-84,,,
1,1,3,-85,-85,-84,-86,-85,-85,,,,,,,-73,-71,-73,-91,-89,-90,,,
1,1,1,-87,-82,-81,-85,-84,-84,,,,,,,-82,-83,-83,-89,-90,-90,,,
1,1,3,-80,-80,-80,-108,-90,-106,,,,,,,-80,-79,-79,,,,,,
1,1,1,-74,-74,-73,-91,-107,-120,,,,,,,-74,-73,-74,-90,-93,-96,,,
1,1,3,-83,-81,-82,-90,-86,-85,,,,,,,-72,-72,-73,-107,-91,-91,,,
1,1,1,-82,-84,-84,-86,-94,-93,,,,,,,-83,-81,-81,-93,-109,-89,,,
1,1,3,-84,-81,-81,-86,-86,-86,,,,,,,-72,-70,-71,-87,-87,-88,,,
2,1,1,-84,-82,-80,-88,-88,-89,,,,,,,-79,-79,-80,-90,-86,-86,,,
1,1,3,-82,-81,-82,-85,-85,-85,,,,,,,-73,-71,-72,,,,,,
1,1,1,-82,-83,-80,-87,-86,-86,,,,,,,-81,-81,-81,-87,-90,-87,,,
1,1,1,-76,-76,-75,,,,,,,,,,-76,-75,-76,-89,-91,-89,,,
1,1,3,-81,-82,-82,-86,-86,-87,,,,,,,-70,-72,-73,,,,,,
1,1,1,-83,-84,-82,-88,-88,-88,,,,,,,-80,-77,-76,-92,-91,-89,,,
1,1,3,-80,-81,-81,-85,-87,-85,,,,,,,-73,-73,-70,,,,,,
1,1,1,-86,-83,-81,-88,-87,-86,,,,,,,-79,-78,-77,-83,-84,-85,,,
1,1,3,-80,-79,-79,-85,-85,-85,,,,,,,-72,-73,-72,,,,,,
1,1,3,-80,-79,-79,-86,-85,-87,,,,,,,-70,-70,-72,,,,,,
1,1,3,-78,-77,-78,,,,,,,,,,-76,-77,-77,-107,-120,-120,,,
1,1,1,-83,-81,-81,-87,-89,-89,,,,,,,-78,-76,-75,-87,-90,-88,,,
1,1,3,-82,-81,-78,-88,-89,-89,,,,,,,-71,-72,-70,-90,-90,-90,,,
1,1,1,-81,-80,-81,-89,-105,-91,,,,,,,-76,-75,-75,-84,-84,-85,,,
1,1,3,-81,-81,-82,-89,-89,-89,,,,,,,-70,-70,-71,-120,-90,-89,,,
1,1,1,-86,-88,-86,-91,-90,-106,,,,,,,-77,-77,-77,-84,-84,-87,,,
1,1,3,-73,-73,-74,-89,-89,-89,,,,,,,-80,-79,-79,-90,-90,-90,,,
1,1,1,-78,-76,-75,-120,-120,-120,,,,,,,-78,-77,-77,-120,-120,-120,,,
1,1,3,-75,-75,-75,-89,-89,-90,,,,,,,-79,-79,-81,,,,,,
1,1,1,-77,-76,-76,,,,,,,,,,-78,-78,-78,-108,-120,-120,,,
1,1,3,-76,-74,-73,-90,-89,-92,,,,,,,-79,-77,-78,,,,,,
1,1,1,-76,-73,-74,,,,,,,,,,-81,-78,-82,,,,,,
1,1,1,-78,-76,-74,,,,,,,,,,-78,-80,-80,-89,-90,-95,,,
1,1,3,-74,-74,-74,-88,-89,-89,,,,,,,-77,-80,-74,-107,-90,-90,,,
1,1,1,-75,-74,-74,-120,-120,-120,,,,,,,-78,-78,-76,-91,-91,-90,,,
1,1,3,-78,-78,-78,-107,-120,-90,,,,,,,-73,-73,-79,,,,,,
5,5,1,,,,-83,-83,-84,,,,,,,,,,-84,-83,-84,-90,-92,-108
1,1,3,-78,-78,-77,-91,-107,-120,,,,,,,-85,-87,-79,,,,,,
1,1,1,-76,-73,-72,,,,,,,,,,-78,-78,-75,-91,-89,-89,,,
1,1,3,-77,-78,-78,-90,-106,-120,,,,,,,-81,-81,-79,,,,,,
1,1,1,-75,-76,-76,,,,,,,,,,-75,-75,-76,-107,-120,-120,,,
1,1,3,-78,-79,-80,-90,-106,-120,,,,,,,-83,-82,-74,,,,,,
1,1,1,-75,-75,-74,,,,,,,,,,-76,-77,-75,-120,-120,-94,,,
1,1,3,-78,-77,-77,,,,,,,,,,-78,-77,-77,,,,,,
1,1,1,-74,-74,-74,,,,,,,,,,-76,-76,-75,-91,-90,-106,,,
1,1,3,-77,-76,-77,,,,,,,,,,-81,-75,-75,,,,,,
1,1,1,-74,-75,-75,,,,,,,,,,-74,-74,-73,-106,-92,-91,,,
1,1,3,-79,-79,-78,-107,-120,-120,,,,,,,-77,-82,-81,,,,,,
1,1,1,-75,-75,-75,,,,,,,,,,-75,-75,-74,-91,-107,-120,,,
1,1,3,-79,-78,-78,,,,,,,,,,-81,-79,-79,,,,,,
1,1,1,-74,-74,-74,-92,-108,-120,,,,,,,-75,-75,-75,-91,-92,-93,,,
1,1,3,-79,-79,-79,-90,-91,-107,,,,,,,-79,-81,-82,,,,,,
1,1,3,-78,-78,-79,-90,-106,-91,,,,,,,-80,-83,-79,-91,-91,-91,,,
1,1,1,-75,-76,-76,,,,,,,,,,-76,-74,-73,-91,-107,-94,,,
3,3,1,,,,-90,-90,-89,-91,-88,-88,,,,-88,-87,-86,-89,-89,-89,,,
3,3,1,,,,-107,-120,-90,-90,-89,-88,,,,-86,-86,-87,-88,-86,-87,,,
3,3,3,-91,-107,-120,-87,-85,-85,-83,-82,-81,-90,-89,-89,-76,-77,-77,-85,-82,-82,,,
3,3,1,,,,-107,-90,-92,-93,-91,-89,,,,-86,-87,-87,-92,-90,-90,,,
3,3,3,,,,-87,-89,-84,-82,-82,-82,-89,-89,-89,-77,-77,-77,-85,-84,-85,,,
3,3,3,,,,,,,-76,-75,-76,-90,-90,-90,-78,-78,-79,-87,-86,-87,-91,-89,-91
3,3,3,-92,-92,-93,-84,-88,-85,-84,-84,-83,-87,-87,-87,-78,-78,-77,-84,-82,-82,,,
3,3,1,,,,-87,-87,-88,-83,-83,-83,,,,-81,-81,-79,-90,-89,-89,,,
3,3,1,,,,-88,-88,-88,-82,-82,-83,,,,-78,-80,-80,,,,,,
3,3,1,,,,-86,-88,-88,-78,-78,-79,,,,-79,-79,-81,-90,-91,-107,,,
3,3,1,,,,-92,-108,-89,-82,-82,-82,,,,-85,-82,-81,-91,-91,-93,,,
3,3,1,,,,-105,-120,-120,-81,-83,-86,,,,-89,-87,-87,-91,-91,-107,,,
3,3,3,-120,-120,-120,-89,-88,-88,-79,-78,-78,,,,-76,-75,-76,-78,-78,-78,,,
3,3,1,,,,,,,-79,-80,-81,,,,-85,-88,-88,-90,-89,-90,,,
3,3,3,,,,-89,-90,-90,-74,-74,-75,-86,-86,-85,-75,-77,-77,-81,-80,-80,,,
3,3,1,,,,,,,-85,-84,-83,-89,-105,-120,-78,-79,-79,,,,,,
3,3,1,,,,,,,-86,-87,-86,-107,-120,-120,-78,-78,-79,-120,-120,-120,,,
3,3,1,,,,,,,-83,-84,-84,-120,-120,-120,-80,-80,-80,,,,,,
3,3,1,,,,,,,-86,-87,-86,-90,-106,-120,-79,-80,-78,-107,-120,-120,,,
3,3,3,-89,-90,-106,-91,-91,-107,-73,-74,-74,-89,-87,-87,-75,-76,-75,-81,-81,-82,,,
3,3,1,,,,,,,-88,-89,-85,-93,-109,-93,-79,-80,-80,-120,-120,-120,,,
3,3,1,,,,,,,-83,-84,-85,-120,-92,-92,-80,-79,-80,-93,-109,-120,,,
3,3,3,,,,-91,-90,-89,-73,-73,-73,-89,-87,-88,-73,-72,-77,-84,-85,-85,,,
3,3,1,,,,,,,-86,-85,-88,-105,-120,-89,-84,-85,-86,,,,,,
3,3,3,,,,,,,-73,-74,-74,-88,-88,-87,-75,-74,-77,-88,-88,-87,-88,-86,-88
5,2,1,-81,-78,-79,-86,-85,-84,,,,,,,-86,-87,-86,-81,-80,-80,,,
3,3,1,,,,,,,-84,-82,-81,-89,-92,-108,-85,-84,-83,-93,-93,-93,,,
3,3,3,,,,,,,-77,-75,-75,-85,-85,-86,-79,-72,-71,-87,-88,-89,-88,-87,-90
3,3,1,,,,,,,-85,-88,-87,,,,-82,-83,-81,,,,,,
3,3,1,,,,,,,-83,-83,-83,-93,-109,-120,-82,-84,-84,-92,-108,-120,,,
3,3,3,-107,-120,-120,,,,-76,-76,-77,-87,-88,-90,-74,-77,-78,-88,-87,-86,-90,-106,-120
3,3,1,,,,,,,-85,-86,-88,-94,-90,-88,-84,-83,-84,,,,,,
2,2,1,-79,-79,-79,-84,-84,-83,,,,,,,-84,-83,-85,-84,-84,-81,,,
3,3,3,,,,,,,-72,-72,-75,-86,-85,-86,-74,-75,-83,-86,-85,-85,-89,-91,-107
3,3,1,,,,,,,-84,-84,-85,,,,-87,-87,-84,-89,-88,-104,,,
1,2,3,-74,-76,-76,-79,-76,-78,-91,-93,-90,-92,-92,-92,-76,-78,-79,-75,-78,-80,-93,-87,-87
1,2,1,-79,-79,-79,-83,-82,-82,,,,,,,-82,-83,-82,-83,-86,-85,,,
2,2,3,-76,-76,-76,-78,-77,-77,-90,-89,-89,-90,-90,-90,-82,-79,-79,-78,-79,-79,-86,-87,-86
2,2,1,-81,-80,-80,-86,-87,-87,,,,,,,-88,-85,-86,-83,-84,-85,-89,-91,-91
2,2,1,-77,-77,-77,-84,-83,-83,-91,-91,-91,,,,-85,-84,-84,-81,-83,-83,,,
5,2,3,-77,-77,-78,-78,-77,-78,-89,-88,-88,-88,-89,-89,-77,-79,-79,-77,-77,-77,-86,-86,-86
2,2,1,-79,-80,-80,-86,-88,-86,,,,,,,-87,-87,-88,-84,-84,-84,-91,-93,-92
2,2,1,-79,-82,-81,-84,-84,-86,,,,,,,-87,-87,-88,-83,-84,-87,-94,-88,-88
2,2,1,-81,-80,-81,-86,-86,-86,,,,,,,-88,-89,-89,-86,-87,-83,-91,-92,-90
2,2,1,-79,-79,-81,-87,-86,-86,,,,,,,-88,-88,-88,-85,-81,-80,-88,-104,-94
2,2,3,-72,-69,-73,-78,-78,-78,-90,-106,-120,-89,-89,-90,-81,-83,-82,-74,-81,-83,-86,-87,-88
5,2,1,-83,-82,-82,-86,-88,-88,,,,,,,-87,-87,-87,-82,-82,-82,,,
2,2,1,-81,-81,-81,-86,-86,-87,,,,,,,-86,-86,-86,-81,-82,-82,,,
2,2,1,-82,-82,-82,-86,-85,-84,,,,,,,-86,-87,-87,-81,-81,-81,,,
2,2,1,-74,-74,-74,-87,-87,-87,,,,,,,-86,-85,-84,-83,-83,-82,-120,-120,-120
2,2,3,-71,-70,-69,-78,-80,-81,-90,-90,-89,,,,-82,-82,-82,-75,-78,-77,-89,-89,-89
2,2,1,-75,-73,-73,-83,-85,-82,,,,,,,-84,-83,-82,-83,-82,-84,,,
2,2,3,-69,-70,-70,-82,-80,-85,-89,-90,-88,,,,-80,-81,-83,-76,-75,-75,-86,-89,-86
2,2,1,-76,-77,-75,-84,-85,-84,,,,,,,-85,-86,-84,-80,-81,-82,,,
2,2,3,-72,-69,-68,-83,-79,-78,-91,-92,-94,-90,-90,-88,-80,-79,-83,-78,-76,-74,-89,-86,-84
2,2,3,-71,-69,-71,-82,-81,-79,-92,-90,-92,,,,-78,-82,-80,-77,-76,-78,-85,-86,-86
2,2,1,-73,-74,-75,-81,-82,-84,,,,,,,-88,-88,-87,-80,-80,-80,,,
2,2,1,-74,-76,-76,-79,-81,-80,,,,-108,-120,-120,-91,-92,-90,-79,-80,-81,,,
2,2,3,-74,-71,-72,-80,-78,-78,-89,-87,-88,-106,-120,-120,-81,-84,-83,-75,-74,-75,-91,-91,-89
2,2,1,-72,-72,-72,-84,-84,-83,,,,,,,,,,-85,-101,-90,,,
2,2,3,-71,-70,-72,-80,-79,-81,,,,-88,-90,-89,-84,-83,-84,-75,-77,-76,-90,-89,-90
2,2,3,-72,-71,-73,-80,-82,-83,,,,-90,-89,-89,-82,-81,-84,-77,-79,-78,,,
2,2,1,-71,-71,-72,-83,-84,-83,,,,,,,-120,-120,-120,-81,-81,-82,,,
2,2,3,-70,-76,-74,-84,-84,-87,-120,-120,-120,-89,-89,-89,-82,-83,-83,-77,-76,-76,,,
5,5,1,-90,-87,-88,-77,-80,-80,,,,,,,,,,-74,-73,-74,-89,-90,-106
2,2,1,-73,-73,-73,-83,-83,-83,,,,,,,-120,-120,-90,-89,-87,-89,,,
2,2,3,-72,-72,-71,-83,-82,-83,,,,-89,-88,-89,-84,-84,-83,-76,-76,-77,,,
2,2,1,-73,-72,-73,-84,-84,-84,,,,,,,-90,-91,-107,-88,-88,-89,,,
2,2,3,-71,-71,-70,-84,-82,-83,-90,-89,-92,-89,-88,-88,-83,-83,-84,-76,-77,-76,-90,-106,-120
2,2,1,-72,-72,-72,-84,-84,-83,,,,,,,-90,-92,-90,-83,-85,-85,,,
2,2,3,-74,-72,-72,-78,-78,-78,-91,-107,-120,-89,-89,-89,-88,-84,-84,-73,-76,-75,,,
2,2,1,-76,-75,-74,-85,-87,-84,,,,,,,-120,-120,-120,-81,-81,-83,,,
2,5,3,-77,-75,-76,-87,-80,-77,,,,,,,,,,-84,-83,-82,,,
-1,8,3,,,,,,,,,,,,,,,,,,,,,
5,5,1,-88,-87,-84,-77,-75,-73,,,,,,,-107,-91,-89,-75,-79,-73,-87,-86,-87
5,5,3,-80,-83,-82,-75,-74,-75,,,,-89,-89,-89,-88,-88,-87,-68,-67,-66,-87,-86,-85
5,5,1,-85,-85,-86,-74,-74,-74,,,,,,,-91,-91,-90,-87,-73,-84,-90,-90,-91
5,5,3,-80,-79,-83,-73,-73,-73,,,,-92,-90,-91,-86,-87,-88,-66,-66,-66,-86,-87,-87
5,5,1,-87,-88,-87,-74,-76,-75,,,,,,,-93,-109,-120,-79,-73,-74,-90,-106,-120
5,5,3,-79,-80,-82,-73,-72,-73,,,,-120,-91,-91,-91,-94,-110,-66,-66,-67,-88,-87,-87
5,5,1,-88,-88,-87,-74,-75,-74,,,,,,,,,,-78,-77,-84,,,
5,5,3,-81,-80,-81,-73,-73,-73,,,,-107,-120,-93,-88,-88,-94,-67,-67,-67,-87,-86,-88
5,5,3,-79,-80,-80,-72,-72,-72,-120,-120,-120,-91,-91,-107,-89,-105,-92,-68,-68,-68,-87,-87,-86
5,5,1,-89,-90,-88,-75,-74,-74,,,,,,,,,,-80,-79,-71,-120,-120,-120
5,5,3,-80,-81,-80,-72,-73,-72,,,,-90,-89,-91,-86,-94,-91,-66,-66,-66,-87,-87,-87
5,5,1,-87,-87,-87,-75,-75,-75,,,,,,,,,,-76,-77,-83,-93,-109,-120
5,5,3,-83,-81,-80,-74,-73,-72,,,,-91,-90,-106,-87,-86,-88,-66,-66,-66,-85,-86,-87
5,5,1,-89,-88,-87,-75,-75,-76,,,,,,,-120,-92,-89,-74,-74,-76,-120,-120,-120
5,5,1,-87,-87,-87,-76,-77,-76,,,,,,,-93,-109,-120,-73,-74,-75,-90,-106,-120
5,5,3,-85,-80,-80,-71,-71,-71,,,,-90,-90,-90,-89,-88,-88,-73,-69,-73,-85,-85,-85
5,5,1,-83,-86,-87,-76,-77,-77,,,,,,,-90,-90,-91,-71,-71,-70,-93,-90,-90
5,5,3,-81,-82,-83,-69,-69,-70,,,,-120,-120,-120,-88,-88,-87,-70,-76,-74,-87,-87,-87
5,5,3,-80,-82,-80,-70,-70,-69,,,,,,,-90,-91,-88,-73,-71,-70,-87,-87,-88
5,5,1,-84,-84,-83,-77,-77,-77,,,,,,,,,,-73,-75,-71,-90,-106,-120
5,5,1,-83,-83,-84,-77,-77,-77,,,,,,,-120,-120,-120,-71,-71,-72,-90,-90,-90
5,5,3,-81,-82,-81,-71,-71,-69,,,,,,,-90,-88,-88,-73,-73,-76,-88,-88,-88
5,5,1,-84,-84,-85,-74,-74,-74,,,,,,,-120,-120,-120,-72,-71,-72,-91,-89,-90
5,5,3,-80,-85,-86,-71,-73,-74,,,,-91,-90,-91,-88,-91,-89,-71,-69,-66,-87,-91,-87
5,5,3,-85,-84,-87,-71,-71,-71,,,,,,,-90,-88,-87,-67,-66,-67,-90,-88,-88
5,5,3,-87,-87,-87,-72,-72,-71,,,,,,,-88,-88,-87,-66,-66,-66,-88,-87,-87
5,5,1,-88,-87,-87,-75,-77,-75,,,,,,,,,,-76,-76,-75,-91,-107,-91
5,5,3,-88,-88,-87,-73,-72,-71,,,,,,,-89,-88,-88,-66,-67,-67,-88,-88,-89
5,5,1,-88,-88,-88,-74,-75,-75,,,,,,,,,,-75,-76,-77,-120,-91,-90
5,5,1,-89,-90,-90,-79,-80,-79,,,,,,,,,,-75,-77,-77,,,
5,5,3,-87,-87,-86,-71,-71,-71,,,,,,,-92,-91,-90,-67,-66,-66,-89,-88,-88
5,5,1,-86,-86,-87,-78,-78,-79,,,,,,,,,,-77,-78,-76,-106,-120,-90
5,5,1,-92,-92,-89,-77,-78,-79,,,,,,,,,,-74,-74,-76,-107,-120,-90
5,5,3,-87,-87,-88,-72,-72,-72,,,,-108,-91,-91,-88,-89,-90,-66,-66,-66,-87,-86,-86
5,5,1,-90,-87,-87,-73,-74,-74,,,,,,,,,,-75,-76,-75,,,
5,5,3,-84,-83,-82,-69,-71,-69,-106,-120,-120,,,,,,,-72,-72,-71,-88,-89,-90
5,5,1,-89,-89,-105,-74,-75,-73,,,,,,,,,,-74,-77,-77,,,
5,5,3,-84,-83,-83,-70,-69,-66,-120,-120,-120,,,,,,,-71,-71,-71,-88,-89,-89
5,5,3,-83,-82,-82,-70,-68,-71,-91,-107,-120,,,,,,,-71,-71,-71,-89,-90,-90
5,5,1,-88,-88,-87,-77,-77,-77,,,,-90,-106,-90,,,,-75,-77,-77,,,
5,5,3,-85,-84,-84,-69,-69,-68,-91,-90,-90,,,,-91,-107,-120,-68,-67,-66,-87,-87,-90
5,5,3,-84,-84,-84,-69,-69,-67,-90,-90,-91,,,,,,,-69,-68,-69,-88,-87,-88
5,5,1,-86,-89,-88,-78,-78,-78,,,,-90,-90,-106,,,,-81,-83,-82,-120,-90,-91
5,5,1,-89,-87,-90,-76,-76,-77,,,,-89,-90,-106,,,,-81,-82,-82,-92,-92,-93
5,5,3,-84,-85,-84,-69,-70,-68,-89,-105,-120,,,,,,,-68,-68,-67,-89,-89,-88
5,5,3,-85,-86,-85,-68,-67,-67,-90,-91,-107,,,,,,,-69,-69,-69,-89,-105,-90
5,5,1,-87,-85,-85,-78,-78,-78,,,,-90,-106,-120,,,,-81,-80,-81,-89,-88,-90
4,4,3,-90,-89,-92,-80,-80,-85,-79,-77,-74,-86,-86,-84,-85,-85,-85,-79,-79,-82,-106,-120,-120
4,4,1,-120,-120,-120,-87,-88,-87,-87,-84,-83,-85,-89,-88,-92,-90,-106,-87,-90,-89,,,
4,4,3,-90,-89,-90,-83,-83,-82,-75,-75,-75,-84,-84,-84,-84,-85,-85,-84,-82,-80,,,
4,4,1,,,,-89,-89,-88,-82,-83,-83,-85,-85,-85,-106,-120,-120,-85,-84,-84,,,
4,4,1,,,,-90,-88,-89,-83,-82,-82,-86,-86,-87,-90,-90,-90,-86,-84,-83,,,
4,4,3,-89,-89,-89,-80,-82,-83,-75,-74,-74,-86,-85,-86,-83,-83,-85,-81,-80,-77,-89,-91,-107
4,4,1,,,,-90,-106,-90,-82,-83,-84,-86,-87,-86,,,,-85,-86,-85,,,
4,4,3,-88,-87,-89,-80,-81,-82,-76,-76,-78,-85,-85,-84,-83,-84,-84,-83,-78,-81,-120,-120,-120
4,4,1,,,,-89,-90,-89,-83,-83,-82,-87,-87,-86,,,,-86,-87,-87,,,
3,4,3,-88,-88,-87,-82,-82,-83,-75,-75,-75,-84,-88,-87,-84,-81,-82,-81,-82,-83,-92,-108,-120
4,4,1,,,,-89,-89,-89,-82,-83,-83,-87,-87,-88,,,,-85,-85,-85,,,
3,4,3,-88,-89,-88,-83,-81,-81,-75,-75,-75,-85,-89,-89,-83,-85,-84,-79,-83,-83,-88,-90,-90
4,4,1,,,,-86,-89,-87,-87,-88,-86,-85,-83,-84,-92,-91,-91,-80,-81,-81,,,
4,4,3,-120,-120,-120,-81,-81,-80,-75,-75,-77,-81,-81,-80,-89,-88,-87,-78,-76,-76,-85,-84,-85
7,4,1,,,,-87,-86,-87,-85,-85,-86,-82,-83,-82,-92,-93,-90,-79,-79,-80,,,
4,4,3,,,,-82,-82,-83,-76,-76,-76,-81,-80,-79,-88,-86,-89,-76,-74,-77,-85,-85,-85
7,4,1,,,,-88,-89,-83,-87,-88,-86,-89,-87,-87,-120,-120,-120,-80,-79,-80,-90,-92,-108
4,4,3,,,,-87,-86,-87,-68,-67,-67,-87,-87,-87,-85,-86,-85,-80,-80,-80,,,
4,4,3,-120,-120,-120,-81,-81,-80,-78,-79,-79,-82,-82,-83,-89,-88,-89,-77,-75,-78,-86,-86,-86
4,4,3,,,,-83,-83,-82,-70,-70,-70,-82,-82,-81,-82,-82,-82,-78,-80,-81,-91,-89,-88
4,4,3,,,,-85,-84,-85,-71,-71,-70,-82,-82,-82,-80,-80,-81,-79,-80,-82,-90,-91,-107
4,4,3,,,,-84,-83,-84,-72,-73,-71,-83,-82,-82,-80,-80,-80,-80,-80,-80,-88,-90,-88
4,4,1,,,,-89,-87,-85,-84,-79,-80,-86,-86,-84,,,,-80,-80,-81,-90,-106,-120
4,4,3,,,,-83,-83,-82,-71,-70,-71,-81,-81,-81,-81,-81,-81,-79,-79,-79,-89,-88,-90
4,4,1,,,,-86,-87,-87,-80,-81,-80,-84,-88,-88,,,,-80,-79,-79,,,
4,4,3,,,,-83,-83,-87,-72,-71,-73,-82,-82,-82,-81,-81,-81,-79,-79,-79,-120,-120,-91
4,4,1,,,,-88,-88,-87,-79,-78,-79,-86,-84,-85,,,,-78,-79,-78,,,
4,4,3,,,,-81,-82,-82,-73,-71,-71,-82,-82,-83,-81,-81,-81,-78,-79,-79,-89,-89,-90
4,4,1,,,,-88,-87,-87,-80,-79,-80,-86,-86,-85,,,,-78,-78,-78,,,
4,4,3,,,,-82,-82,-82,-71,-72,-72,-81,-81,-81,-81,-81,-80,-79,-79,-79,-89,-88,-88
4,4,1,,,,-87,-87,-89,-81,-81,-81,-87,-87,-85,,,,-77,-78,-79,,,
4,4,3,,,,-85,-81,-83,-70,-71,-71,-82,-81,-81,-81,-81,-80,-78,-78,-78,-88,-88,-89
4,4,1,,,,-87,-87,-86,-83,-82,-82,-87,-87,-87,,,,-79,-78,-78,,,
4,4,3,,,,-85,-87,-85,-72,-75,-68,-81,-85,-82,-81,-87,-84,-78,-77,-77,-91,-90,-90
4,4,3,,,,-87,-87,-88,-68,-67,-67,-84,-85,-88,-89,-90,-90,-77,-76,-77,,,
4,4,3,,,,-88,-87,-89,-67,-67,-68,-85,-86,-86,-88,-86,-88,-79,-81,-78,-120,-120,-120
4,4,3,,,,-88,-87,-88,-68,-68,-68,-88,-87,-87,-86,-88,-89,-79,-80,-80,,,
4,4,3,-107,-120,-120,-88,-87,-87,-66,-67,-67,-88,-87,-87,-89,-88,-86,-79,-79,-79,,,
4,4,3,,,,-86,-87,-88,-68,-68,-68,-87,-87,-89,-87,-87,-85,-79,-80,-80,,,
4,4,1,,,,-90,-90,-90,-80,-79,-81,-107,-120,-120,-120,-120,-120,-82,-82,-82,,,
5,6,1,,,,-73,-72,-72,,,,,,,,,,-81,-75,-75,-85,-83,-83
4,4,3,-91,-107,-120,-89,-87,-85,-67,-69,-69,-85,-85,-85,-85,-85,-86,-80,-81,-80,-92,-94,-110
4,4,1,,,,-91,-107,-92,-82,-83,-82,-88,-89,-90,-90,-106,-120,-87,-83,-83,,,
4,4,1,,,,-89,-91,-90,-81,-79,-80,-120,-120,-91,,,,-82,-82,-83,,,
4,4,3,,,,-86,-85,-85,-69,-69,-69,-87,-90,-93,-83,-84,-85,-80,-82,-79,,,
4,4,1,,,,-89,-90,-90,-81,-83,-83,-91,-107,-120,,,,-83,-83,-83,,,
4,4,3,,,,-84,-84,-85,-69,-70,-69,-85,-86,-88,-84,-84,-83,-80,-79,-78,,,
4,4,1,,,,-85,-85,-85,-83,-83,-82,-90,-90,-94,,,,-83,-83,-83,,,
5,6,1,,,,-77,-77,-78,,,,,,,,,,-89,-89,-90,-90,-90,-106
4,4,3,,,,-79,-82,-85,-69,-68,-68,-87,-92,-90,-84,-83,-83,-81,-81,-81,,,
4,4,1,,,,-88,-88,-89,-80,-81,-81,-107,-120,-120,-88,-88,-94,-83,-82,-82,,,
4,4,3,,,,-84,-81,-79,-70,-70,-69,-87,-86,-85,-84,-84,-84,-81,-83,-81,,,
4,4,1,,,,-85,-85,-85,-82,-80,-79,-106,-120,-120,-120,-120,-120,-83,-83,-83,,,
4,4,3,-120,-120,-120,-85,-86,-80,-69,-69,-69,-86,-86,-87,-84,-84,-84,-80,-81,-81,-120,-120,-120
4,4,1,,,,-89,-90,-88,-77,-76,-79,-108,-120,-120,-91,-87,-89,-86,-85,-84,,,
4,4,3,,,,-87,-85,-85,-68,-69,-69,-88,-88,-89,-87,-86,-86,-79,-79,-80,,,
4,4,1,,,,-87,-84,-86,-79,-81,-82,-109,-120,-120,-92,-92,-92,-83,-83,-83,,,
4,4,3,,,,-86,-84,-85,-67,-67,-67,-90,-106,-120,-85,-84,-85,-79,-80,-81,-120,-120,-120
5,5,3,-54,-55,-54,-50,-50,-49,-55,-55,-55,-48,-47,-48,-53,-52,-52,-53,-52,-52,-54,-54,-54
4,5,3,-55,-56,-57,-49,-49,-49,-55,-55,-55,-48,-49,-49,-53,-53,-53,-54,-52,-52,-54,-54,-54
6,6,3,-87,-89,-87,-67,-67,-65,-87,-88,-89,-87,-88,-88,,,,-77,-76,-75,-78,-77,-77
5,6,1,-92,-108,-120,-72,-72,-73,,,,,,,,,,-78,-80,-81,-82,-84,-84
5,6,3,-88,-88,-88,-66,-67,-67,-88,-87,-87,-89,-86,-84,,,,-75,-76,-75,-76,-76,-77
5,6,1,,,,-72,-74,-72,,,,,,,,,,-81,-76,-79,-85,-84,-85
5,6,3,-90,-106,-91,-67,-67,-66,-88,-87,-87,-83,-82,-82,,,,-76,-73,-75,-74,-74,-74
5,6,1,,,,-74,-76,-75,,,,,,,,,,-79,-76,-77,-83,-83,-83
5,6,3,-90,-89,-87,-67,-67,-67,-87,-89,-89,-85,-83,-88,,,,-74,-74,-76,-77,-77,-76
5,6,1,-90,-90,-90,-75,-76,-76,,,,,,,,,,-82,-75,-79,-83,-83,-82
6,6,3,-90,-90,-91,-67,-67,-67,-120,-90,-88,-84,-84,-84,,,,-76,-77,-77,-75,-76,-77
5,6,1,-90,-91,-91,-78,-78,-76,,,,,,,,,,-82,-84,-81,-82,-83,-83
5,5,3,-90,-106,-120,-79,-81,-81,,,,,,,,,,-81,-85,-82,,,
6,6,3,-89,-90,-89,-68,-67,-67,-91,-91,-90,-85,-88,-86,,,,-76,-77,-78,-75,-75,-77
5,6,1,,,,-74,-77,-75,,,,,,,,,,-81,-88,-79,-85,-86,-85
6,6,3,-106,-90,-89,-67,-67,-67,-89,-91,-90,-84,-86,-85,,,,-78,-78,-78,-78,-76,-76
5,6,1,-108,-120,-120,-77,-76,-76,,,,,,,,,,-81,-80,-85,-84,-83,-83
5,6,3,-90,-89,-89,-67,-68,-68,-90,-90,-89,-85,-84,-84,,,,-77,-77,-75,-77,-78,-78
5,6,1,,,,-76,-78,-78,,,,,,,,,,-85,-84,-83,-84,-84,-84
5,6,3,-88,-89,-89,-68,-68,-69,-91,-90,-89,-86,-86,-88,,,,-75,-75,-76,-75,-75,-76
5,6,1,,,,-75,-76,-75,,,,,,,,,,-75,-77,-78,-86,-81,-84
5,6,3,-90,-90,-106,-69,-68,-68,-90,-90,-89,-87,-88,-87,,,,-75,-75,-75,-76,-76,-77
5,6,1,-82,-83,-82,-77,-75,-75,-91,-91,-90,,,,,,,-75,-75,-75,-77,-78,-78
5,6,3,-84,-86,-86,-77,-78,-75,-107,-120,-120,-87,-87,-88,,,,-77,-75,-75,-75,-75,-76
6,6,3,-85,-86,-85,-77,-78,-74,,,,-88,-88,-89,,,,-77,-76,-75,-75,-74,-72
2,6,1,-83,-82,-84,-77,-81,-84,,,,,,,,,,-75,-76,-76,-78,-78,-78
6,6,3,-83,-82,-83,-69,-69,-70,,,,-90,-106,-120,,,,-75,-76,-77,-78,-77,-76
6,6,1,-90,-90,-88,-76,-80,-80,,,,,,,,,,-84,-85,-89,-75,-74,-75
6,6,1,-89,-90,-106,-77,-76,-74,,,,,,,,,,-88,-91,-91,-74,-75,-75
6,6,3,-83,-82,-82,-69,-67,-67,,,,-91,-107,-92,,,,-78,-76,-77,-77,-74,-78
6,6,1,-90,-88,-88,-76,-75,-79,,,,,,,,,,-89,-89,-89,-75,-75,-75
6,6,3,-85,-83,-82,-71,-73,-69,,,,-91,-107,-120,,,,-74,-74,-76,-76,-78,-80
6,6,1,-90,-89,-89,-75,-77,-77,,,,,,,,,,-90,-89,-87,-75,-74,-73
6,6,3,-84,-86,-86,-72,-71,-75,,,,-90,-90,-91,,,,-80,-79,-79,-79,-76,-74
6,6,1,-89,-88,-88,-76,-76,-77,,,,,,,,,,-88,-88,-89,-74,-74,-74
6,6,3,-84,-85,-87,-72,-71,-73,-106,-120,-120,-91,-89,-105,,,,-84,-83,-80,-78,-78,-76
5,6,3,-84,-86,-88,-69,-70,-72,,,,,,,,,,-79,-77,-78,-78,-76,-77
6,6,1,-89,-89,-88,-77,-82,-75,,,,,,,,,,-87,-87,-87,-74,-74,-74
5,6,3,-83,-85,-84,-70,-69,-70,,,,-90,-90,-90,,,,-78,-79,-79,-77,-79,-81
6,6,1,-104,-88,-88,-77,-74,-75,,,,,,,,,,-88,-85,-85,-74,-74,-74
6,6,1,-89,-90,-90,-76,-74,-73,,,,,,,,,,-87,-88,-89,-74,-74,-74
5,6,3,-83,-86,-87,-74,-72,-71,,,,-89,-90,-92,,,,-77,-76,-76,-80,-77,-80
5,5,1,-88,-86,-86,-76,-74,-74,,,,,,,,,,-74,-73,-73,,,
6,6,1,-89,-88,-88,-76,-75,-75,,,,,,,,,,-78,-77,-77,-74,-74,-73
5,6,3,-86,-89,-85,-71,-71,-71,,,,-105,-89,-105,,,,-83,-80,-76,-75,-74,-74
6,6,3,-84,-86,-89,-65,-66,-67,,,,-91,-91,-92,,,,-76,-79,-81,-72,-71,-73
5,6,1,-94,-110,-120,-65,-68,-74,,,,,,,,,,-77,-79,-78,-80,-80,-80
5,6,1,,,,-76,-70,-71,,,,,,,,,,-77,-78,-77,-78,-79,-78
6,6,3,-86,-89,-88,-73,-70,-70,,,,-93,-93,-93,,,,-81,-81,-81,-74,-74,-75
5,6,3,-89,-89,-90,-68,-67,-66,-120,-91,-91,-88,-89,-89,,,,-78,-78,-81,-82,-82,-83
5,6,1,-91,-90,-92,-78,-78,-78,,,,,,,,,,-76,-84,-83,-81,-78,-78
5,6,1,-90,-89,-88,-75,-75,-76,,,,,,,,,,-76,-75,-75,-80,-80,-81
5,6,3,-91,-107,-90,-72,-70,-68,-89,-90,-89,-105,-120,-120,,,,-79,-78,-78,-79,-80,-77
5,6,1,-88,-88,-89,-76,-75,-73,,,,,,,,,,-75,-76,-76,-85,-82,-81
5,6,3,-89,-90,-90,-71,-73,-70,-93,-92,-92,-92,-92,-89,,,,-77,-79,-79,-78,-78,-78
5,6,1,-83,-83,-86,-77,-75,-74,,,,-90,-90,-90,,,,-86,-84,-84,-83,-84,-83
5,6,1,-83,-87,-85,-69,-69,-70,,,,,,,,,,-81,-82,-81,-83,-85,-85
5,5,3,,,,-84,-82,-80,,,,,,,,,,-84,-84,-83,,,
5,6,3,-86,-87,-88,-66,-66,-67,-85,-85,-101,-87,-85,-89,,,,-78,-79,-76,-76,-76,-79
5,6,1,-93,-94,-84,-71,-70,-69,,,,,,,,,,-81,-82,-81,-86,-84,-85
5,6,3,-86,-90,-89,-63,-64,-63,-91,-107,-120,-84,-84,-84,,,,-76,-76,-76,-80,-80,-80
5,6,3,-89,-89,-88,-62,-63,-64,,,,-85,-86,-87,,,,-76,-75,-76,-79,-81,-81
5,6,1,-85,-87,-88,-70,-69,-68,,,,,,,,,,-80,-80,-80,-84,-85,-85
5,6,3,-90,-89,-88,-68,-68,-69,,,,-86,-85,-87,,,,-77,-78,-78,-81,-80,-80
5,6,1,-82,-84,-87,-69,-69,-71,,,,,,,,,,-82,-83,-80,-84,-83,-83
5,6,3,-88,-89,-90,-66,-67,-65,-90,-106,-91,-86,-88,-87,,,,-78,-77,-78,-79,-79,-80
5,6,1,-91,-92,-89,-70,-71,-71,,,,,,,,,,-81,-81,-84,-85,-84,-84
5,6,3,-90,-89,-89,-66,-68,-66,-92,-92,-91,-91,-90,-87,,,,-79,-79,-79,-79,-79,-80
6,6,3,-86,-87,-88,-66,-66,-69,-84,-84,-89,-90,-90,-89,,,,-79,-79,-78,-78,-78,-82
5,6,1,-120,-91,-91,-72,-72,-69,,,,,,,,,,-85,-82,-80,-82,-82,-83
6,6,3,-90,-89,-87,-70,-71,-69,-90,-89,-89,-86,-87,-89,,,,-79,-76,-77,-75,-75,-76
6,6,1,-91,-92,-108,-71,-71,-72,,,,-91,-91,-89,,,,-78,-79,-80,-83,-83,-83
6,6,1,-91,-91,-90,-72,-73,-74,,,,-106,-120,-120,,,,-78,-87,-84,-82,-82,-82
6,6,3,-105,-120,-92,-69,-69,-69,-117,-90,-91,-86,-87,-87,,,,-78,-79,-80,-76,-77,-77
5,6,1,-90,-90,-91,-75,-75,-76,,,,,,,,,,-79,-86,-82,-82,-85,-85
6,6,3,-89,-90,-106,-66,-64,-65,-85,-89,-86,-86,-87,-88,,,,-77,-77,-78,-75,-76,-77
5,6,1,,,,-77,-78,-79,,,,,,,,,,-83,-81,-76,-83,-85,-85
5,6,3,-91,-88,-92,-63,-63,-64,-83,-83,-86,-88,-88,-87,,,,-81,-82,-81,-76,-75,-76
6,6,3,-88,-89,-90,-66,-63,-67,-87,-88,-91,-88,-87,-87,,,,-83,-83,-81,-78,-77,-78
6,6,1,-90,-93,-88,-73,-76,-74,,,,,,,,,,-82,-83,-90,-85,-84,-85
5,6,3,-88,-87,-86,-64,-65,-65,-86,-87,-88,-89,-87,-86,,,,-82,-82,-81,-78,-78,-78
5,6,1,-89,-92,-94,-70,-69,-68,-108,-120,-120,-105,-92,-91,,,,-82,-86,-85,-83,-83,-83
5,6,1,-89,-105,-92,-73,-73,-73,-87,-89,-91,-107,-120,-120,,,,-85,-86,-84,-82,-83,-84
6,6,3,-89,-89,-90,-66,-68,-69,-83,-83,-83,-89,-89,-89,,,,-81,-79,-77,-79,-82,-82
6,6,3,-86,-86,-86,-68,-67,-63,-86,-87,-86,-85,-84,-82,,,,-80,-75,-72,-77,-75,-72
6,6,1,-111,-90,-90,-66,-69,-68,,,,,,,,,,-86,-85,-86,-83,-83,-81
5,6,3,-87,-86,-86,-61,-61,-60,-86,-88,-86,-83,-82,-82,,,,-74,-73,-72,-74,-74,-74
5,6,1,,,,-68,-66,-68,,,,,,,,,,-82,-82,-81,-82,-82,-83
5,6,1,,,,-68,-65,-66,,,,,,,,,,-80,-81,-80,-82,-82,-81
5,6,3,-86,-87,-90,-61,-61,-61,-89,-89,-89,-83,-83,-83,,,,-73,-73,-74,-74,-73,-73
5,6,3,-86,-86,-86,-62,-61,-61,-107,-89,-88,-84,-83,-82,,,,-73,-73,-72,-73,-74,-73
5,6,1,,,,-66,-66,-66,,,,,,,,,,-79,-80,-81,-83,-83,-84
8,8,3,,,,-83,-80,-80,-87,-84,-85,-73,-74,-74,,,,-83,-84,-83,-76,-77,-81
7,8,3,-90,-106,-120,-84,-83,-81,-83,-83,-84,-77,-76,-73,-89,-90,-90,-76,-74,-73,-75,-75,-76
7,8,1,,,,-81,-84,-85,-89,-105,-92,-82,-84,-84,,,,-78,-78,-76,-81,-81,-81
7,8,1,,,,-85,-84,-83,-107,-120,-90,-85,-86,-88,,,,-77,-76,-76,-80,-80,-80
8,8,3,,,,-84,-85,-83,-84,-86,-86,-76,-76,-77,-90,-91,-107,-78,-77,-77,-75,-77,-77
5,8,1,,,,-87,-87,-87,-90,-106,-91,-89,-88,-88,,,,-75,-76,-77,-81,-82,-81
7,8,3,,,,-83,-83,-82,-84,-83,-84,-77,-76,-76,,,,-75,-75,-76,-78,-78,-78
5,5,1,,,,-78,-78,-80,,,,,,,,,,-77,-79,-78,,,
7,8,1,,,,-87,-86,-86,-107,-89,-93,-88,-88,-87,-106,-120,-120,-78,-78,-80,-82,-82,-82
7,8,3,-93,-91,-107,-82,-82,-81,-84,-83,-83,-77,-78,-79,-90,-106,-120,-76,-76,-77,-77,-76,-76
7,8,1,,,,-88,-87,-87,-89,-105,-90,-88,-88,-87,,,,-79,-80,-79,-81,-81,-80
8,8,3,-91,-89,-88,-83,-81,-81,-83,-84,-85,-79,-79,-79,-91,-107,-92,-76,-76,-77,-76,-78,-77
8,8,3,,,,-80,-80,-82,-85,-85,-87,-76,-75,-74,,,,-82,-83,-82,-76,-75,-76
8,8,1,,,,-87,-89,-91,-86,-87,-91,-79,-79,-80,,,,-85,-85,-84,-76,-75,-75
8,8,1,,,,-89,-90,-106,-90,-92,-90,-79,-80,-80,,,,-86,-85,-85,-75,-75,-74
8,8,1,,,,-89,-88,-90,,,,-82,-81,-80,,,,-87,-87,-87,-75,-75,-75
8,8,3,,,,-81,-84,-86,-88,-85,-85,-73,-74,-74,,,,-83,-82,-82,-75,-76,-75
8,8,3,,,,-82,-82,-83,-85,-86,-86,-74,-73,-74,,,,-81,-81,-81,-78,-79,-76
8,8,1,,,,-92,-92,-108,,,,-82,-82,-82,,,,-91,-90,-88,-75,-76,-75
8,8,3,,,,-84,-83,-83,-84,-85,-84,-76,-74,-74,,,,-82,-83,-82,-77,-75,-75
8,8,1,,,,-120,-120,-120,,,,-82,-81,-82,,,,-87,-88,-89,-75,-76,-75
5,5,1,-94,-94,-89,-80,-82,-78,,,,,,,,,,-80,-81,-82,,,
8,8,1,,,,-83,-92,-93,-89,-88,-89,-75,-75,-75,,,,-84,-79,-80,-78,-77,-78
8,8,3,-92,-89,-87,-83,-83,-83,-87,-86,-85,-72,-67,-67,-108,-120,-94,-82,-81,-81,-78,-77,-78
2,2,1,-83,-81,-81,-82,-82,-84,,,,,,,-90,-88,-88,-85,-85,-85,,,
4,4,3,-120,-120,-120,-89,-88,-90,-73,-76,-73,-91,-89,-88,-82,-82,-83,-79,-80,-78,-88,-87,-87
4,4,3,,,,-81,-81,-81,-69,-71,-70,-87,-89,-87,-109,-120,-89,-76,-77,-79,-85,-83,-83
5,5,1,-88,-90,-90,-77,-77,-77,,,,,,,,,,-72,-72,-72,-87,-89,-91
5,5,3,-80,-80,-81,-75,-78,-72,-90,-90,-88,-89,-89,-88,-87,-87,-86,-67,-64,-64,-87,-86,-88
8,8,1,,,,-92,-91,-90,-88,-88,-87,-74,-74,-73,,,,-82,-81,-81,-78,-78,-77
2,2,3,-74,-74,-75,-77,-77,-77,,,,-91,-90,-90,-80,-80,-80,-72,-72,-72,-87,-86,-87
4,4,3,,,,-89,-89,-87,-74,-72,-73,-87,-86,-86,-82,-82,-83,-77,-78,-78,-87,-86,-87
5,4,1,,,,-89,-88,-87,-84,-84,-86,-90,-90,-106,-89,-88,-87,-88,-88,-88,,,
5,5,3,-88,-92,-87,-71,-71,-70,-93,-93,-89,-91,-107,-120,-91,-90,-91,-72,-74,-71,-86,-84,-84
5,5,1,-86,-87,-87,-75,-74,-74,,,,,,,,,,-73,-72,-72,,,
1,1,1,-82,-81,-82,-90,-90,-90,,,,,,,-79,-80,-80,-92,-91,-90,,,
8,8,1,,,,-89,-89,-90,-89,-88,-89,-74,-72,-74,,,,-84,-84,-83,-77,-78,-78
2,2,1,-79,-79,-80,-83,-84,-83,,,,,,,-87,-90,-90,-89,-86,-84,,,
4,4,1,,,,-89,-89,-89,-85,-85,-84,-88,-88,-88,-91,-93,-109,-85,-84,-82,,,
4,4,3,,,,-81,-82,-86,-74,-75,-73,-85,-86,-83,-80,-81,-85,-79,-80,-81,-89,-88,-93
5,5,1,-86,-87,-88,-77,-78,-78,,,,,,,,,,-71,-73,-74,-88,-89,-90
5,5,3,-80,-81,-81,-70,-72,-71,-89,-89,-88,-90,-88,-90,-86,-87,-87,-63,-63,-64,-87,-87,-87
1,1,1,-81,-82,-81,-90,-89,-105,,,,,,,-79,-78,-78,-89,-88,-89,,,
8,8,3,-89,-87,-88,-82,-82,-80,-85,-85,-84,-69,-70,-71,-92,-90,-91,-82,-85,-84,-77,-76,-75
2,2,3,-74,-75,-73,-78,-78,-78,,,,-91,-107,-120,-81,-81,-81,-71,-71,-71,-88,-88,-87
4,4,3,-88,-87,-87,-85,-83,-82,-72,-70,-73,-80,-80,-79,-81,-81,-81,-79,-79,-80,-105,-120,-120
4,4,1,,,,-87,-88,-91,-76,-75,-74,-97,-113,-93,-104,-120,-120,-89,-93,-91,,,
5,5,3,-88,-87,-87,-72,-73,-71,-87,-87,-87,-91,-90,-89,-89,-89,-89,-69,-68,-69,-84,-83,-82
5,5,1,-88,-88,-87,-70,-73,-74,,,,,,,,,,-69,-71,-71,,,
8,8,1,,,,-89,-105,-120,-88,-88,-88,-75,-73,-73,,,,-81,-81,-81,-78,-78,-78
2,2,1,-81,-80,-81,-84,-84,-83,,,,,,,-87,-87,-86,-87,-85,-85,,,
7,4,1,,,,-106,-92,-90,-88,-88,-91,-87,-87,-88,-90,-90,-90,-88,-87,-87,,,
4,4,1,,,,-91,-91,-107,-73,-73,-73,,,,,,,-87,-88,-87,,,
5,5,1,-87,-87,-89,-77,-79,-80,,,,,,,,,,-73,-73,-74,-88,-88,-89
5,5,3,-81,-81,-82,-68,-68,-68,-88,-88,-90,-108,-120,-120,-88,-87,-86,-62,-62,-63,-86,-85,-85
7,7,3,-85,-85,-86,-83,-83,-83,-85,-101,-85,-76,-77,-77,-84,-84,-89,-76,-77,-77,-90,-106,-120
8,8,3,-89,-89,-88,-82,-82,-82,-84,-84,-82,-69,-69,-70,-88,-88,-90,-81,-81,-81,-77,-78,-79
2,2,3,-73,-72,-72,-77,-77,-82,,,,-90,-90,-90,-80,-80,-80,-71,-71,-71,-86,-86,-88
4,4,3,-86,-86,-89,-82,-81,-85,-73,-74,-73,-79,-79,-78,-81,-81,-81,-80,-80,-83,-90,-89,-90
4,4,3,,,,-85,-83,-84,-73,-75,-71,-84,-83,-83,-85,-85,-84,-81,-83,-81,-106,-90,-106
5,5,3,-94,-110,-91,-72,-71,-71,-91,-91,-91,-90,-90,-90,-89,-91,-91,-71,-71,-70,-84,-84,-84
5,5,1,-87,-86,-86,-72,-72,-72,,,,,,,,,,-73,-69,-70,,,
8,8,1,,,,-89,-90,-89,-87,-87,-87,-76,-72,-72,,,,-81,-79,-80,-77,-79,-78
2,2,1,-81,-80,-80,-83,-84,-84,,,,,,,-87,-87,-88,-90,-88,-87,,,
7,4,1,,,,-85,-88,-88,-89,-90,-106,-88,-87,-86,-88,-88,-88,-87,-87,-87,,,
4,4,3,,,,-84,-82,-84,-75,-72,-73,-83,-83,-84,-88,-86,-84,-80,-82,-82,-89,-91,-88
5,5,1,-87,-88,-87,-79,-78,-78,,,,,,,,,,-73,-73,-74,-88,-90,-90
5,5,3,-80,-80,-80,-71,-73,-73,-89,-90,-90,-90,-92,-92,-86,-88,-87,-66,-66,-65,-87,-87,-86
1,1,3,-76,-75,-74,-89,-89,-91,,,,,,,-66,-66,-66,-87,-83,-84,,,
8,8,3,-88,-90,-90,-81,-81,-82,-83,-84,-83,-69,-71,-69,-90,-106,-120,-88,-81,-79,-79,-80,-80
2,2,3,-72,-72,-72,-77,-78,-78,,,,-89,-89,-89,-81,-81,-84,-72,-72,-71,-87,-86,-87
3,4,3,-89,-89,-89,-84,-84,-83,-74,-73,-75,-79,-79,-79,-81,-80,-80,-81,-81,-80,-92,-92,-92
4,4,1,,,,-91,-91,-90,-74,-73,-73,,,,,,,-87,-88,-87,,,
5,5,3,-88,-90,-90,-72,-72,-72,,,,-107,-120,-120,-89,-90,-91,-72,-69,-71,-84,-84,-85
5,5,3,-80,-80,-80,-69,-69,-68,-89,-89,-89,-91,-90,-106,-86,-85,-85,-64,-64,-64,-86,-85,-88
1,1,3,-76,-76,-76,,,,,,,,,,-66,-66,-66,-85,-85,-86,,,
2,2,3,-75,-73,-70,-75,-78,-80,-91,-91,-89,-88,-87,-88,-76,-75,-79,-74,-80,-79,-87,-85,-88
2,2,3,-71,-71,-72,-78,-79,-79,,,,-89,-89,-105,-81,-80,-80,-71,-71,-71,-87,-87,-86
7,4,1,,,,-89,-89,-88,,,,-85,-85,-86,-89,-89,-89,-85,-85,-86,,,
4,4,3,,,,-83,-84,-86,-76,-75,-77,-84,-84,-84,-84,-84,-84,-80,-80,-80,-89,-89,-88
5,5,1,-89,-89,-87,-79,-80,-79,,,,,,,,,,-73,-73,-74,-89,-89,-88
5,5,1,-88,-87,-87,-71,-71,-71,,,,,,,,,,-70,-71,-71,,,
7,7,1,-92,-91,-90,-85,-84,-85,,,,-80,-81,-81,,,,-86,-84,-84,-87,-85,-85
2,2,1,-79,-80,-80,-85,-85,-85,,,,,,,-83,-83,-83,-79,-81,-83,,,
1,2,1,-81,-80,-80,-84,-86,-85,,,,,,,-93,-90,-87,-88,-85,-84,,,
4,4,3,-87,-86,-88,-85,-86,-83,-75,-73,-75,-78,-80,-78,-81,-80,-81,-83,-82,-82,-108,-120,-120
4,4,1,,,,-90,-90,-90,-73,-74,-74,,,,,,,-87,-87,-85,,,
5,5,3,-83,-85,-85,-70,-74,-72,-88,-87,-86,-90,-106,-120,,,,-75,-75,-73,-84,-83,-83
5,5,1,-87,-86,-85,-73,-73,-75,,,,,,,,,,-70,-70,-70,,,
7,7,1,-93,-109,-92,-84,-84,-83,,,,-82,-83,-82,,,,-84,-83,-84,-85,-84,-85
5,5,1,-110,-120,-94,-84,-85,-82,,,,,,,,,,-89,-88,-86,,,
1,2,3,-70,-70,-70,-78,-77,-78,-88,-90,-87,-89,-89,-89,-81,-80,-81,-79,-79,-78,-88,-88,-88
2,2,3,-71,-74,-69,-75,-75,-76,-120,-91,-87,-90,-85,-85,-84,-86,-88,-76,-80,-78,-83,-81,-84
7,4,1,,,,-89,-90,-90,-107,-120,-120,-86,-88,-88,-89,-89,-89,-86,-86,-86,,,
4,4,3,,,,-86,-85,-84,-77,-77,-77,-84,-84,-84,-85,-85,-85,-78,-79,-79,-90,-89,-90
5,5,1,-89,-91,-107,-74,-75,-73,,,,,,,,,,-73,-72,-71,,,
5,5,3,-80,-80,-80,-70,-70,-69,-88,-89,-89,-105,-91,-90,-85,-85,-85,-64,-63,-63,-87,-88,-88
2,2,1,-79,-80,-80,-86,-85,-86,,,,,,,-83,-83,-83,-82,-81,-79,,,
2,2,1,-73,-71,-71,-86,-83,-86,,,,-91,-91,-107,-92,-95,-111,-86,-84,-80,,,
4,4,1,,,,-89,-105,-88,-81,-81,-81,-89,-87,-88,-89,-88,-89,-87,-87,-89,,,
4,4,1,,,,-89,-90,-106,-75,-75,-75,,,,,,,-87,-87,-88,,,
5,5,3,-89,-88,-89,-69,-69,-71,-91,-90,-89,-90,-89,-88,,,,-73,-71,-71,-88,-87,-86
7,7,3,-84,-85,-86,-82,-80,-79,-81,-82,-85,-75,-77,-81,-85,-88,-89,-77,-76,-77,-84,-87,-88
7,7,1,-120,-91,-91,-84,-86,-86,,,,-81,-84,-81,,,,-83,-83,-82,-86,-88,-89
2,2,3,-71,-70,-71,-78,-78,-80,-88,-88,-89,,,,-80,-81,-82,-78,-75,-77,-89,-90,-91
2,2,1,-82,-84,-83,-85,-85,-86,,,,-90,-90,-90,,,,-86,-86,-86,,,
4,4,3,,,,-82,-83,-83,-69,-70,-72,-79,-83,-84,-85,-86,-86,-75,-77,-77,-83,-82,-82
5,5,1,-93,-89,-87,-81,-78,-77,,,,,,,,,,-77,-73,-72,-107,-91,-89
5,5,1,-89,-92,-90,-75,-76,-80,,,,,,,,,,-71,-71,-71,,,
5,7,1,-91,-93,-109,-88,-86,-85,-88,-89,-89,-84,-86,-86,,,,-87,-87,-87,-90,-90,-88
7,7,3,-84,-86,-88,-81,-82,-83,-76,-82,-88,-75,-75,-75,-84,-85,-85,-77,-75,-75,-86,-88,-91
2,2,1,-79,-78,-79,-88,-87,-87,,,,,,,-85,-85,-83,-78,-77,-78,,,
2,2,3,-69,-68,-68,-78,-79,-79,,,,-88,-89,-89,-83,-82,-82,-80,-80,-80,-91,-89,-89
4,4,3,,,,-81,-81,-82,-73,-70,-71,-86,-86,-86,-86,-86,-86,-76,-76,-77,-83,-84,-82
5,5,3,-82,-82,-84,-76,-74,-73,-85,-87,-89,,,,-85,-86,-90,-72,-70,-68,-84,-84,-84
5,5,1,-90,-88,-89,-76,-76,-77,,,,,,,,,,-72,-73,-73,,,
5,7,3,-84,-84,-85,-79,-80,-80,-81,-80,-80,-79,-78,-79,-90,-89,-89,-77,-77,-77,-88,-88,-88
7,7,1,,,,-89,-90,-91,,,,-82,-78,-78,-106,-120,-120,-86,-86,-86,,,
2,2,3,-70,-70,-70,-79,-80,-80,-87,-86,-86,-90,-106,-120,-80,-78,-80,-75,-76,-76,-88,-87,-87
2,2,1,-82,-82,-82,-86,-82,-82,,,,,,,-90,-90,-90,-89,-85,-86,,,
4,4,1,,,,-87,-88,-87,-83,-82,-82,-91,-91,-89,-88,-89,-88,-86,-86,-87,,,
5,5,1,-88,-88,-88,-82,-79,-79,,,,,,,,,,-75,-76,-76,-92,-90,-89
5,5,3,-86,-88,-87,-70,-69,-69,-88,-88,-89,-95,-111,-88,-90,-106,-120,-74,-73,-73,-86,-87,-86
5,7,1,-91,-91,-90,-86,-85,-84,-88,-89,-89,-86,-84,-84,,,,-87,-86,-85,-88,-87,-86
2,2,1,-78,-78,-78,-86,-86,-86,,,,,,,-84,-83,-83,-79,-81,-82,,,
2,2,3,-69,-69,-68,-76,-75,-77,-90,-90,-90,-89,-88,-85,-80,-80,-80,-83,-88,-86,-88,-88,-88
4,4,3,,,,-83,-84,-84,-74,-71,-70,-86,-89,-87,-89,-88,-88,-78,-78,-78,-82,-81,-82
5,5,3,-85,-85,-85,-73,-74,-74,-85,-84,-86,,,,-90,-88,-87,-67,-68,-69,-83,-83,-83
5,5,1,-89,-87,-87,-77,-78,-78,,,,,,,,,,-71,-70,-71,-90,-90,-90
7,7,3,-84,-84,-84,-81,-81,-80,-84,-85,-81,-80,-78,-77,-88,-87,-87,-78,-77,-78,-89,-89,-87
1,2,3,-70,-73,-71,-75,-75,-75,-87,-86,-88,-93,-90,-90,-73,-74,-73,-78,-74,-75,-84,-85,-84
2,2,1,-78,-75,-74,-88,-87,-87,,,,,,,,,,-84,-82,-84,,,
4,4,1,,,,-88,-88,-88,-86,-84,-82,-87,-88,-88,-87,-88,-88,-87,-88,-85,,,
5,5,1,-89,-88,-88,-78,-78,-79,,,,,,,,,,-75,-75,-75,-90,-90,-106
5,5,3,-89,-90,-106,-71,-70,-71,-90,-90,-106,-89,-87,-87,,,,-75,-71,-73,-84,-83,-85
5,7,1,-90,-90,-90,-83,-83,-85,-88,-90,-89,-88,-84,-82,,,,-84,-84,-86,-86,-86,-85
4,7,1,,,,,,,-86,-86,-85,-88,-89,-90,-106,-89,-89,-87,-87,-88,,,
2,2,1,-81,-82,-81,-86,-86,-84,,,,,,,-88,-89,-89,-78,-78,-77,,,
2,2,3,-74,-71,-70,-76,-75,-78,,,,-88,-88,-90,-82,-86,-87,-82,-78,-76,-90,-90,-89
4,4,3,,,,-83,-82,-82,-72,-72,-70,-90,-87,-89,-91,-107,-120,-82,-78,-79,-83,-83,-83
5,5,3,-88,-89,-89,-71,-71,-71,-83,-86,-86,,,,-89,-90,-88,-68,-70,-69,-84,-83,-82
5,5,3,-90,-90,-90,-72,-71,-70,-90,-90,-89,-87,-89,-87,,,,-75,-71,-72,-86,-87,-86
7,7,3,-83,-84,-84,-77,-79,-79,-83,-87,-82,-75,-77,-77,-87,-87,-87,-76,-76,-76,-90,-88,-90
1,1,3,-85,-84,-84,-87,-87,-87,,,,,,,-80,-80,-79,,,,,,
1,2,3,-70,-70,-70,-76,-77,-77,-87,-86,-84,-89,-89,-89,-75,-74,-73,-76,-75,-73,-84,-85,-85
2,2,1,-73,-71,-71,-86,-87,-88,,,,,,,-89,-89,-89,-84,-83,-85,,,
4,4,1,,,,-88,-89,-88,-83,-84,-83,-91,-89,-89,-88,-88,-88,-87,-86,-85,,,
5,5,1,-88,-88,-88,-80,-81,-80,,,,,,,,,,-75,-75,-75,-92,-108,-120
5,5,1,-88,-88,-88,-78,-77,-77,,,,,,,,,,-71,-71,-72,-89,-89,-105
8,7,1,-90,-91,-107,-84,-83,-85,,,,-81,-80,-81,,,,-83,-83,-84,-84,-84,-84
7,7,1,-105,-88,-90,-87,-87,-87,,,,-79,-81,-85,,,,-84,-83,-83,-88,-89,-89
2,2,1,-82,-82,-82,-85,-86,-86,,,,,,,-89,-89,-89,-80,-79,-79,,,
2,2,3,-70,-70,-70,-76,-77,-77,-120,-120,-120,-89,-89,-90,-88,-87,-87,-79,-78,-76,-90,-89,-90
4,4,3,,,,-83,-87,-83,-70,-70,-71,-88,-88,-89,-90,-106,-120,-78,-76,-76,-84,-83,-84
5,5,3,-85,-88,-104,-71,-70,-71,-87,-88,-89,,,,-92,-89,-88,-69,-69,-71,-84,-84,-82
5,5,1,-90,-89,-89,-76,-76,-76,,,,,,,,,,-77,-76,-75,,,
7,7,3,-83,-85,-84,-80,-79,-79,-89,-89,-79,-77,-76,-76,-86,-87,-87,-77,-76,-76,-89,-88,-89
1,1,1,-80,-81,-82,,,,,,,,,,-81,-80,-80,-89,-90,-89,,,
1,2,3,-70,-70,-70,-79,-77,-76,-84,-89,-85,-106,-89,-89,-74,-72,-72,-76,-76,-74,-86,-87,-85
4,4,1,,,,-86,-88,-89,-85,-84,-84,-88,-88,-89,,,,-83,-82,-84,,,
4,4,1,,,,-89,-89,-88,-86,-86,-84,-91,-88,-89,-89,-89,-88,-86,-87,-87,,,
5,5,3,-90,-89,-88,-71,-71,-71,-91,-107,-120,,,,-92,-91,-89,-70,-76,-74,-86,-86,-85
5,5,3,-81,-82,-82,-79,-78,-76,-91,-107,-89,,,,-89,-89,-105,-66,-66,-65,-86,-84,-84
7,7,1,-88,-92,-91,-85,-87,-87,-91,-89,-105,-79,-78,-78,,,,-87,-86,-85,-85,-86,-85
1,1,1,-90,-106,-89,,,,,,,,,,-73,-72,-72,,,,,,
8,8,3,-89,-88,-88,-82,-83,-82,-84,-85,-86,-68,-71,-75,-120,-120,-90,-83,-83,-83,-79,-78,-78
7,7,3,-84,-85,-85,-80,-82,-80,-82,-82,-83,-76,-76,-77,-84,-84,-84,-77,-76,-76,-90,-90,-106
7,7,3,-87,-87,-87,-79,-81,-81,-84,-85,-86,-75,-75,-75,-87,-87,-86,-75,-75,-74,-87,-84,-84
7,7,3,-86,-88,-88,-80,-79,-80,-85,-86,-87,-76,-76,-78,-90,-91,-91,-78,-78,-77,-90,-90,-90
7,7,1,-108,-92,-91,-85,-85,-85,-89,-88,-88,-81,-82,-80,,,,-86,-87,-87,-86,-87,-87
7,7,3,-87,-87,-87,-78,-78,-80,-86,-86,-86,-78,-78,-77,-89,-89,-89,-76,-75,-75,-88,-89,-91
1,1,3,-68,-68,-68,-78,-78,-78,,,,,,,-62,-63,-63,-83,-79,-80,,,
7,7,1,-92,-89,-91,-87,-86,-86,-90,-89,-89,-79,-80,-80,,,,-85,-87,-87,-89,-88,-88
7,7,3,-86,-86,-87,-79,-84,-89,-81,-78,-77,-74,-72,-75,-91,-88,-88,-77,-76,-75,-85,-84,-83
7,7,1,-93,-109,-120,-86,-87,-88,-89,-85,-86,-80,-79,-79,-91,-89,-89,-85,-86,-84,-90,-106,-120
7,7,1,,,,-92,-90,-91,-89,-105,-120,-78,-78,-78,-89,-105,-120,-88,-84,-85,,,
7,7,3,-91,-87,-86,-80,-80,-81,-79,-78,-78,-70,-70,-70,-87,-89,-89,-77,-77,-76,-92,-89,-89
7,7,3,-84,-87,-90,-81,-80,-81,-78,-76,-78,-72,-73,-73,-90,-106,-90,-76,-76,-76,-88,-87,-88
7,7,1,,,,-90,-90,-90,-90,-91,-89,-76,-77,-77,-90,-90,-90,-86,-85,-85,,,
7,7,1,,,,-88,-89,-89,-89,-90,-90,-78,-79,-78,-94,-90,-106,-86,-84,-85,,,
7,7,3,-86,-89,-89,-81,-81,-82,-74,-77,-76,-72,-71,-71,-89,-105,-90,-76,-77,-77,-86,-87,-87
7,7,3,-105,-90,-87,-83,-83,-82,-78,-76,-74,-76,-74,-71,-89,-105,-89,-77,-76,-77,-87,-88,-89
7,7,3,-88,-88,-89,-79,-79,-79,-78,-79,-76,-70,-70,-72,-105,-120,-120,-79,-78,-82,-89,-88,-88
7,7,1,,,,-90,-88,-87,-90,-89,-90,-77,-78,-78,-91,-89,-90,-86,-88,-88,,,
7,7,3,-91,-91,-89,-79,-80,-84,-78,-79,-78,-70,-73,-69,-90,-91,-94,-80,-80,-81,-87,-88,-89
7,7,1,,,,-89,-89,-90,-90,-91,-90,-79,-79,-79,-120,-91,-88,-89,-89,-89,,,
3,7,1,,,,,,,-84,-83,-83,-85,-84,-82,-86,-86,-87,-88,-86,-88,,,
7,7,3,-91,-89,-88,-78,-78,-81,-76,-80,-76,-71,-70,-71,-108,-93,-92,-81,-81,-80,-88,-87,-88
7,7,1,,,,-89,-89,-88,-91,-107,-90,-80,-78,-77,-106,-120,-91,-88,-88,-88,,,
7,7,3,-89,-88,-89,-80,-82,-80,-76,-78,-78,-72,-71,-74,-88,-90,-93,-78,-80,-81,-85,-82,-79
4,7,1,,,,-120,-120,-120,-84,-84,-86,-88,-90,-89,-88,-88,-104,-86,-85,-86,-93,-109,-120
7,7,3,-89,-89,-88,-82,-81,-81,-77,-77,-77,-71,-71,-71,-90,-89,-89,-81,-81,-81,-82,-83,-83
1,1,3,-80,-81,-81,-88,-87,-88,,,,,,,-78,-78,-78,,,,,,
7,7,3,-88,-88,-87,-80,-84,-83,-77,-77,-77,-72,-71,-71,-88,-87,-86,-80,-80,-79,-85,-84,-85
7,7,3,-89,-88,-89,-82,-81,-82,-78,-76,-78,-73,-73,-74,-86,-86,-88,-78,-78,-77,-87,-84,-84
4,7,1,,,,-88,-85,-85,-85,-86,-87,-86,-85,-83,-89,-89,-90,-120,-89,-89,-89,-89,-88
7,7,3,-90,-91,-107,-81,-82,-81,-82,-79,-79,-72,-73,-74,-93,-86,-87,-77,-77,-77,-81,-82,-82
7,7,3,-91,-107,-89,-80,-80,-82,-79,-80,-78,-73,-73,-73,-87,-87,-87,-77,-77,-78,-83,-83,-84
3,3,3,,,,,,,-80,-80,-81,-91,-89,-88,-74,-73,-73,-90,-89,-90,,,
7,7,3,-105,-120,-120,-79,-80,-81,-77,-78,-77,-72,-72,-72,-86,-86,-86,-78,-78,-77,-83,-83,-83
7,7,3,-89,-89,-88,-81,-81,-80,-76,-78,-78,-72,-72,-72,-86,-85,-91,-78,-79,-79,-83,-84,-84
7,7,3,-90,-106,-89,-81,-84,-82,-79,-78,-78,-72,-72,-72,-89,-87,-87,-78,-77,-78,-83,-84,-84
3,7,1,-96,-112,-94,-106,-90,-106,-85,-84,-84,-82,-81,-81,-87,-86,-86,-89,-88,-89,-107,-120,-120
7,7,3,-89,-88,-89,-81,-83,-81,-78,-79,-78,-72,-73,-72,-86,-90,-89,-79,-79,-79,-83,-83,-83
1,1,3,-68,-68,-69,-78,-79,-78,,,,,,,-63,-63,-63,-80,-79,-84,,,
7,7,3,-88,-89,-90,-84,-85,-83,-79,-80,-77,-73,-72,-73,-86,-87,-87,-79,-82,-80,-83,-84,-84
3,7,1,-91,-107,-120,-92,-90,-106,-87,-86,-86,-89,-88,-91,-85,-86,-87,-87,-87,-89,-90,-106,-90
1,1,1,-79,-80,-81,-91,-91,-90,,,,,,,-78,-81,-82,-87,-87,-89,,,
1,1,1,-83,-81,-81,-89,-90,-89,,,,,,,-83,-81,-81,-91,-91,-89,,,
1,1,3,-75,-76,-77,-93,-109,-120,,,,-120,-120,-120,-68,-69,-68,-88,-86,-88,,,
1,1,1,-81,-82,-81,-91,-89,-90,,,,,,,-79,-79,-79,-86,-89,-89,,,
1,1,1,-81,-81,-81,-89,-90,-106,,,,,,,-78,-79,-80,-89,-89,-90,,,
1,1,1,-80,-81,-81,-90,-106,-120,,,,,,,-82,-84,-81,-89,-105,-90,,,
1,1,3,-75,-75,-75,-120,-120,-120,-120,-93,-93,,,,-63,-63,-64,-88,-90,-89,,,
1,1,1,-81,-81,-81,-90,-91,-91,,,,,,,-79,-78,-79,-89,-89,-89,,,
1,1,3,-75,-76,-74,-90,-90,-89,-106,-120,-120,,,,-64,-64,-64,-87,-87,-86,,,
1,1,1,-77,-77,-77,-84,-83,-82,-120,-89,-89,,,,-68,-68,-68,-88,-87,-89,,,
1,1,3,-69,-69,-69,-80,-79,-80,-91,-107,-120,,,,-61,-61,-61,-81,-79,-81,,,
1,1,1,-77,-78,-78,-86,-86,-83,-88,-89,-89,,,,-68,-67,-67,-87,-88,-104,,,
1,1,1,-77,-77,-77,-85,-86,-85,-89,-89,-89,,,,-67,-68,-69,-120,-89,-89,,,
1,1,3,-69,-69,-69,-78,-79,-79,,,,,,,-62,-63,-62,-79,-80,-80,,,
1,1,1,-78,-77,-76,-87,-83,-82,-88,-87,-89,,,,-68,-68,-67,-90,-91,-89,,,
1,1,1,-76,-76,-76,-83,-84,-83,-88,-87,-88,,,,-68,-69,-69,-89,-88,-90,,,
1,1,3,-68,-67,-69,-79,-80,-79,,,,,,,-63,-62,-62,-83,-82,-80,-90,-106,-120
1,1,3,-68,-68,-67,-89,-89,-89,-91,-89,-90,-90,-89,-90,-70,-69,-71,-84,-86,-85,-90,-90,-90
1,1,1,-79,-76,-74,-90,-89,-86,,,,,,,-79,-75,-75,-89,-89,-85,,,
1,1,3,-70,-69,-69,-87,-86,-85,-91,-87,-89,-91,-89,-89,-67,-70,-72,-87,-87,-88,-91,-89,-89
1,1,1,-75,-77,-78,-88,-88,-87,,,,,,,-77,-77,-76,-88,-91,-91,,,
1,1,3,-67,-67,-68,-88,-88,-88,-90,-88,-88,,,,-71,-74,-74,-86,-86,-85,-89,-89,-89
1,1,1,-76,-76,-76,-89,-91,-87,,,,,,,-76,-77,-77,-89,-89,-88,,,
1,1,3,-66,-67,-68,-87,-89,-105,-91,-91,-107,-92,-92,-108,-72,-75,-75,-86,-86,-87,-90,-91,-89
1,1,1,-76,-76,-75,-89,-90,-106,,,,,,,-76,-77,-77,-89,-87,-89,,,
1,1,3,-67,-67,-67,-107,-120,-120,-91,-90,-92,,,,-74,-75,-75,-89,-91,-90,-88,-88,-89
1,1,1,-75,-76,-76,-89,-91,-107,,,,,,,-77,-77,-76,-89,-86,-90,,,
1,1,1,-78,-78,-77,-89,-91,-90,,,,,,,-77,-77,-77,-86,-86,-94,,,
1,1,3,-66,-68,-68,,,,-107,-93,-90,,,,-75,-77,-76,-88,-89,-89,-89,-89,-89
3,3,3,-89,-90,-88,-87,-89,-86,-77,-76,-76,,,,-78,-78,-78,-82,-81,-81,,,
3,3,1,,,,-89,-89,-89,-81,-81,-81,,,,-84,-85,-86,-88,-89,-89,,,
3,3,3,-87,-87,-89,-86,-82,-83,-76,-76,-76,,,,-79,-79,-77,-81,-82,-81,,,
3,3,1,,,,-87,-87,-87,-81,-81,-81,,,,-85,-85,-85,-89,-89,-89,,,
3,3,1,,,,-90,-92,-91,-81,-85,-87,,,,-85,-81,-81,-89,-88,-90,,,
3,3,1,,,,,,,-79,-80,-79,,,,-81,-81,-81,-89,-91,-92,,,
3,3,3,-90,-89,-92,-81,-84,-85,-76,-76,-78,-91,-91,-89,-77,-77,-77,-84,-83,-81,,,
4,3,1,,,,-88,-94,-86,-86,-85,-83,-90,-91,-107,-87,-85,-85,-84,-85,-85,,,
3,3,3,-87,-87,-88,-88,-88,-90,-86,-84,-85,-91,-107,-120,-77,-80,-78,-86,-88,-85,,,
3,3,1,,,,-85,-86,-84,-81,-83,-82,,,,-84,-83,-85,-86,-86,-85,,,
3,3,3,-89,-88,-87,-88,-87,-88,-86,-88,-87,,,,-79,-78,-78,-84,-83,-84,,,
3,3,1,,,,-85,-84,-84,-82,-82,-82,-92,-92,-91,-86,-86,-81,-84,-84,-84,,,
1,1,1,-92,-93,-87,,,,,,,,,,-74,-74,-73,,,,,,
3,3,3,-89,-89,-88,-85,-86,-86,-85,-83,-83,,,,-78,-79,-78,-87,-86,-87,,,
3,3,1,,,,-120,-120,-90,-78,-82,-82,-90,-106,-120,-84,-87,-88,-120,-91,-91,,,
3,3,3,,,,-87,-88,-90,-74,-73,-73,-88,-89,-89,-73,-74,-75,-84,-85,-85,,,
3,3,1,,,,-90,-90,-89,-80,-79,-83,-91,-91,-89,-84,-82,-82,-90,-90,-90,,,
3,3,3,,,,-87,-89,-90,-74,-76,-74,-85,-84,-91,-74,-76,-81,-84,-84,-83,,,
3,3,1,,,,-91,-89,-90,-82,-84,-84,-90,-91,-88,-83,-83,-82,-92,-94,-94,,,
3,3,3,,,,-87,-87,-86,-73,-74,-74,-89,-88,-90,-76,-77,-76,-86,-85,-85,,,
3,3,1,,,,-89,-105,-120,-83,-84,-85,-89,-105,-120,-83,-82,-82,-91,-91,-91,,,
3,3,3,,,,-86,-87,-88,-75,-75,-73,-91,-90,-89,-76,-76,-75,-85,-90,-85,,,
3,3,3,,,,-89,-88,-87,-74,-74,-74,-89,-91,-107,-76,-75,-76,-85,-86,-88,,,
3,3,1,,,,-90,-106,-120,-83,-82,-81,-98,-90,-91,-82,-82,-83,-89,-87,-87,,,
3,3,3,,,,-90,-87,-87,-75,-75,-74,-105,-90,-90,-77,-78,-76,-89,-86,-86,,,
3,3,1,,,,,,,-80,-81,-81,-106,-120,-89,-86,-86,-86,-87,-87,-90,,,
3,3,1,,,,,,,-83,-82,-83,-90,-88,-90,-82,-81,-81,-89,-91,-90,,,
3,3,3,,,,-93,-109,-120,-75,-76,-76,-90,-90,-90,-74,-73,-73,-86,-89,-91,,,
3,3,3,,,,,,,-77,-78,-73,-91,-91,-107,-73,-73,-73,-88,-89,-91,,,
3,3,1,,,,,,,-80,-80,-81,-107,-120,-120,-81,-81,-81,-90,-90,-88,,,
3,3,1,,,,,,,-88,-90,-91,,,,-82,-85,-88,-89,-89,-90,,,
3,3,3,,,,-93,-109,-120,-77,-80,-79,-87,-93,-92,-75,-79,-83,-88,-86,-85,-90,-95,-111
3,3,3,-90,-90,-90,-108,-91,-92,-79,-79,-79,-87,-85,-85,-76,-76,-75,-87,-86,-85,-91,-91,-88
4,4,1,,,,-120,-120,-120,-82,-85,-91,-90,-89,-89,-86,-87,-87,-85,-86,-85,,,
3,4,1,,,,-91,-91,-89,-85,-86,-85,-90,-87,-88,-86,-85,-89,-82,-83,-86,,,
4,4,3,-89,-105,-120,-83,-85,-85,-81,-82,-82,-86,-89,-85,-85,-85,-80,-77,-79,-79,-87,-86,-85
1,1,3,-80,-79,-79,-87,-87,-89,,,,,,,-79,-76,-77,,,,,,
4,4,1,,,,-106,-120,-120,-87,-90,-85,-90,-89,-89,-105,-120,-120,-84,-86,-86,,,
4,4,3,-88,-91,-93,-85,-84,-83,-82,-82,-80,-85,-86,-84,-80,-80,-79,-78,-78,-83,-86,-86,-87
4,4,1,,,,-90,-90,-88,-85,-85,-84,-89,-91,-107,-90,-90,-89,-84,-83,-83,,,
4,4,1,,,,-86,-88,-89,-83,-84,-84,-88,-91,-107,-105,-92,-94,-84,-84,-84,,,
4,4,3,-86,-87,-89,-85,-85,-85,-81,-80,-80,-81,-86,-102,-79,-85,-83,-80,-77,-80,-90,-91,-107
4,4,1,,,,-89,-88,-88,-83,-83,-83,-89,-89,-90,-90,-89,-94,-84,-83,-85,,,
7,4,3,-93,-90,-88,-85,-85,-85,-81,-82,-81,-86,-82,-85,-79,-81,-82,-79,-80,-80,-91,-91,-91
4,4,1,,,,-88,-88,-88,-84,-84,-84,-90,-106,-120,-87,-85,-89,-82,-81,-80,,,
4,4,3,-88,-89,-89,-86,-84,-83,-80,-80,-81,-87,-85,-79,-78,-77,-81,-77,-75,-78,-88,-88,-89
4,4,1,,,,-88,-90,-89,-80,-79,-80,-86,-89,-88,-86,-86,-87,-82,-80,-81,,,
4,4,3,,,,-83,-86,-85,-73,-75,-77,-78,-79,-81,-88,-83,-82,-77,-80,-78,-88,-91,-92
4,4,1,,,,-89,-88,-87,-82,-84,-83,-88,-88,-87,-85,-86,-86,-81,-81,-82,,,
4,4,3,-91,-91,-91,-86,-86,-84,-75,-76,-76,-80,-80,-80,-82,-81,-81,-76,-78,-79,-90,-106,-120
4,4,3,,,,-87,-86,-83,-76,-75,-76,-80,-80,-81,-81,-81,-81,-77,-75,-76,,,
4,4,1,,,,-88,-87,-88,-83,-82,-83,-87,-87,-87,-87,-86,-85,-81,-81,-79,,,
4,4,3,,,,-87,-87,-87,-76,-79,-77,-79,-79,-81,-81,-81,-81,-77,-79,-79,,,
4,4,1,,,,-88,-88,-88,-85,-83,-84,-88,-88,-87,-86,-86,-85,-80,-80,-80,,,
4,4,1,,,,-88,-88,-88,-83,-83,-83,-88,-87,-86,-87,-87,-87,-81,-79,-80,,,
7,7,1,,,,-87,-87,-87,-94,-110,-120,-87,-85,-83,,,,-88,-90,-106,,,
4,4,3,-92,-108,-120,-87,-84,-87,-77,-77,-76,-80,-79,-81,-81,-81,-81,-78,-76,-75,-90,-90,-106
8,8,3,,,,-80,-81,-79,-87,-89,-87,-73,-74,-74,-87,-88,-89,-75,-75,-74,-71,-72,-74
5,8,1,-86,-91,-93,-84,-84,-85,,,,-86,-87,-87,,,,-78,-78,-78,-80,-82,-83
8,8,3,-90,-90,-90,-81,-82,-81,-88,-88,-87,-75,-75,-75,-88,-88,-104,-75,-75,-76,-75,-75,-75
5,8,1,-90,-106,-120,-86,-85,-87,,,,-87,-86,-87,,,,-79,-80,-80,-81,-81,-83
7,8,1,-105,-91,-89,-88,-88,-88,,,,-86,-86,-87,,,,-79,-81,-79,-82,-80,-82
5,5,3,,,,-76,-79,-76,,,,,,,,,,-82,-81,-83,,,
8,8,3,-91,-91,-90,-82,-83,-81,-87,-87,-88,-74,-75,-76,-88,-89,-89,-76,-76,-75,-74,-72,-73
8,8,3,-91,-92,-89,-81,-79,-81,-89,-88,-87,-81,-74,-75,-89,-89,-89,-76,-75,-75,-74,-76,-74
7,8,1,-90,-91,-91,-87,-88,-87,,,,-87,-86,-85,,,,-79,-81,-80,-81,-80,-83
6,6,1,-91,-107,-89,-80,-82,-80,,,,,,,,,,-84,-85,-83,-75,-75,-75
6,6,3,-108,-90,-90,-77,-78,-76,-91,-89,-105,-89,-89,-89,,,,-74,-74,-75,-71,-74,-71
6,6,3,-89,-89,-90,-75,-75,-75,,,,-92,-108,-90,,,,-74,-75,-75,-73,-73,-73
1,1,1,-91,-87,-89,,,,,,,,,,-73,-73,-73,,,,,,
6,6,1,-87,-86,-87,-81,-81,-80,,,,,,,,,,-87,-88,-87,-79,-76,-76
6,6,3,-87,-89,-90,-75,-77,-75,-91,-91,-91,-109,-90,-90,,,,-74,-74,-76,-72,-72,-72
6,6,1,-88,-87,-88,-81,-79,-83,,,,,,,,,,-83,-84,-84,-75,-74,-74
6,6,3,-88,-88,-88,-78,-77,-78,-90,-106,-91,-89,-89,-90,,,,-79,-80,-80,-72,-72,-71
5,5,1,-87,-87,-87,-81,-80,-80,,,,,,,,,,-86,-78,-77,-77,-75,-74
6,8,3,-87,-90,-88,-77,-76,-78,-91,-90,-90,-88,-89,-89,,,,-80,-79,-81,-73,-71,-71
5,5,2,-92,-108,-93,-68,-73,-71,,,,,,,,,,-74,-75,-71,-89,-88,-88
6,6,1,-88,-88,-88,-81,-81,-80,,,,,,,,,,-80,-82,-82,-78,-78,-76
6,6,1,-86,-86,-87,-80,-80,-79,,,,,,,,,,-83,-84,-84,-75,-72,-74
6,6,3,-87,-90,-90,-78,-77,-77,-90,-106,-120,-89,-89,-105,,,,-79,-78,-82,-71,-73,-73
6,6,1,-87,-89,-90,-82,-78,-77,,,,,,,,,,-81,-82,-82,-75,-72,-74
6,6,3,-89,-91,-93,-77,-78,-79,-91,-91,-107,-89,-89,-89,,,,-79,-81,-81,-73,-74,-73
5,6,1,-85,-84,-85,-80,-78,-82,,,,-93,-109,-120,,,,-77,-76,-77,-79,-79,-78
5,6,1,,,,-70,-69,-69,-90,-91,-90,,,,,,,-84,-84,-82,-84,-84,-83
6,6,3,-83,-85,-83,-69,-68,-72,-86,-86,-87,-85,-83,-84,,,,-77,-79,-78,-78,-77,-77
6,6,1,-87,-86,-85,-75,-74,-76,,,,-92,-93,-109,,,,-79,-80,-79,-81,-79,-78
6,6,3,-87,-86,-86,-68,-69,-69,-106,-92,-89,-84,-83,-83,,,,-80,-80,-80,-76,-75,-76
6,6,1,-86,-87,-86,-73,-73,-75,,,,-91,-93,-109,,,,-80,-84,-81,-78,-78,-79
6,6,3,-85,-85,-85,-67,-67,-67,,,,-83,-82,-82,,,,-83,-83,-82,-78,-76,-75
6,6,1,-85,-86,-86,-77,-76,-77,,,,-106,-120,-120,,,,-77,-78,-77,-81,-80,-80
6,6,3,-85,-85,-84,-68,-68,-68,-86,-87,-86,-84,-84,-84,,,,-78,-79,-77,-76,-75,-75
6,6,1,-87,-86,-87,-79,-77,-78,,,,-106,-95,-111,,,,-78,-79,-78,-77,-77,-77
5,6,3,-84,-82,-82,-71,-69,-70,-87,-85,-89,-84,-84,-83,,,,-77,-77,-77,-77,-77,-77
6,6,1,-86,-87,-87,-76,-73,-72,,,,-120,-97,-89,,,,-84,-82,-81,-79,-80,-77
5,6,3,-82,-81,-82,-71,-73,-72,-91,-87,-90,-83,-84,-85,,,,-78,-77,-76,-78,-78,-79
6,6,1,-89,-89,-88,-76,-77,-78,,,,-90,-90,-106,,,,-84,-84,-86,-75,-73,-72
6,6,3,-84,-83,-83,-72,-71,-69,-90,-90,-88,-89,-90,-91,,,,-73,-73,-71,-74,-74,-74
6,6,1,-89,-89,-88,-74,-77,-75,,,,-91,-88,-90,,,,-101,-80,-82,-73,-73,-74
5,6,3,-81,-84,-84,-70,-71,-70,-88,-89,-90,-91,-91,-107,,,,-72,-70,-70,-75,-75,-74
6,6,1,-87,-87,-88,-74,-74,-74,,,,-91,-107,-91,,,,-82,-82,-84,-73,-72,-72
5,6,3,-84,-84,-85,-71,-71,-72,-89,-89,-88,-93,-109,-120,,,,-73,-73,-73,-73,-73,-74
6,6,3,-83,-84,-84,-73,-73,-74,-88,-88,-88,-89,-89,-105,,,,-75,-75,-73,-73,-73,-74
6,6,1,-87,-85,-87,-72,-71,-72,,,,-92,-87,-87,,,,-77,-79,-79,-72,-72,-71
6,6,3,-89,-105,-95,-67,-63,-63,-89,-87,-93,-86,-87,-85,,,,-84,-80,-81,-77,-78,-80
5,6,1,-120,-120,-120,-67,-66,-67,-108,-90,-88,,,,,,,-85,-87,-88,-80,-80,-81
6,6,1,-88,-88,-89,-66,-66,-68,-87,-87,-88,,,,,,,-88,-104,-120,-81,-81,-82
6,6,3,-120,-120,-120,-62,-62,-62,-92,-87,-86,-86,-87,-86,,,,-80,-80,-80,-80,-81,-79
6,6,3,,,,-67,-66,-66,-90,-90,-90,-89,-90,-90,,,,-85,-84,-82,-77,-79,-79
6,6,1,-104,-90,-90,-68,-66,-67,-87,-87,-88,,,,,,,-94,-110,-90,-83,-82,-82
6,6,3,,,,-64,-63,-64,-91,-91,-89,-87,-85,-85,,,,-81,-80,-80,-81,-79,-79
6,6,1,-89,-88,-88,-67,-67,-66,-92,-89,-85,,,,,,,-87,-87,-85,-83,-81,-81
6,6,3,,,,-64,-65,-66,-88,-90,-87,-87,-86,-86,,,,-80,-79,-81,-78,-79,-80
6,6,1,-88,-88,-88,-69,-67,-66,-88,-85,-85,,,,,,,-83,-83,-83,-82,-82,-82
6,6,3,-92,-108,-120,-65,-66,-66,-87,-87,-86,-86,-87,-88,,,,-79,-80,-79,-78,-77,-77
5,6,1,-90,-106,-120,-67,-68,-70,-87,-87,-87,,,,,,,-83,-83,-84,-82,-83,-83
6,6,3,,,,-66,-67,-66,-87,-87,-87,-86,-88,-88,,,,-85,-84,-85,-78,-81,-79
6,6,1,-106,-120,-120,-67,-67,-67,-86,-87,-88,,,,,,,-82,-84,-85,-83,-82,-82
6,6,3,,,,-65,-66,-67,-89,-91,-90,-90,-89,-87,,,,-84,-87,-87,-80,-79,-79
6,6,1,,,,-67,-68,-69,-89,-91,-90,,,,,,,-83,-83,-84,-82,-82,-83
6,6,3,,,,-65,-66,-66,,,,-89,-91,-92,,,,-84,-84,-86,-78,-78,-76
5,6,1,,,,-68,-70,-69,-91,-94,-87,,,,,,,-82,-80,-82,-83,-83,-83
6,6,3,-89,-90,-89,-65,-64,-64,-91,-89,-89,-88,-89,-89,,,,-87,-85,-89,-77,-78,-77
6,6,3,-87,-87,-88,-63,-64,-67,-105,-87,-87,-96,-91,-89,,,,-80,-77,-78,-81,-82,-80
5,6,1,,,,-77,-75,-75,-120,-120,-120,-120,-120,-120,,,,-82,-84,-82,-84,-86,-85
5,6,3,-87,-87,-89,-63,-60,-62,-90,-106,-120,-86,-86,-85,,,,-81,-81,-82,-77,-77,-78
5,6,1,-90,-89,-89,-74,-72,-70,-91,-89,-86,-110,-120,-120,,,,-83,-82,-82,-86,-84,-79
7,8,1,,,,-89,-88,-89,-91,-89,-89,-80,-80,-78,,,,-85,-86,-84,-109,-90,-89
6,6,3,-88,-89,-89,-72,-73,-74,-86,-86,-86,-87,-91,-92,,,,-84,-81,-82,-79,-77,-77
6,6,1,-109,-120,-120,-75,-74,-76,-110,-120,-120,-120,-120,-120,,,,-80,-79,-79,-81,-82,-82
5,5,1,-93,-93,-109,-75,-75,-75,,,,,,,,,,-81,-81,-79,-81,-80,-79
6,6,3,-88,-87,-89,-69,-68,-69,-88,-88,-89,-91,-107,-120,,,,-83,-84,-85,-78,-77,-76
7,8,1,-120,-120,-120,-80,-79,-80,,,,-85,-87,-87,,,,-76,-77,-77,-85,-88,-88
7,8,3,-89,-105,-90,-80,-80,-81,-88,-87,-87,-75,-73,-74,,,,-72,-72,-73,-83,-83,-83
7,8,3,-88,-88,-89,-77,-79,-80,-85,-85,-86,-75,-74,-75,-120,-120,-120,-73,-72,-73,-76,-77,-78
5,8,1,-89,-89,-105,-83,-84,-84,,,,-80,-80,-81,-89,-89,-90,-77,-77,-77,-87,-86,-86
7,8,3,,,,-80,-80,-81,-83,-82,-83,-76,-77,-77,,,,-81,-81,-81,-83,-84,-85
7,8,1,,,,-84,-83,-82,,,,-84,-83,-82,,,,-80,-80,-79,-87,-88,-86
7,8,1,,,,-85,-86,-85,-120,-120,-120,-84,-82,-82,,,,-76,-76,-76,-109,-91,-89
7,8,3,-89,-89,-90,-81,-82,-82,-82,-82,-82,-74,-74,-74,-120,-120,-120,-77,-77,-77,-79,-81,-81
7,8,1,-91,-91,-91,-86,-86,-85,,,,-82,-83,-83,-120,-120,-120,-76,-76,-76,-85,-87,-87
8,8,3,,,,-79,-82,-82,-83,-84,-84,-71,-74,-73,,,,-81,-81,-81,-80,-81,-80
8,8,1,,,,-89,-87,-86,-90,-89,-90,-81,-82,-82,,,,-83,-83,-87,-88,-92,-108
7,8,1,,,,-88,-86,-87,-91,-94,-91,-80,-80,-81,,,,-84,-85,-84,-88,-87,-92
7,8,3,,,,-84,-81,-80,-81,-80,-80,-73,-73,-72,,,,-82,-80,-80,-87,-85,-85
7,8,3,,,,-79,-80,-80,-81,-82,-81,-71,-71,-72,,,,-80,-80,-82,-82,-83,-86
8,8,1,,,,-85,-88,-87,-88,-88,-89,-83,-81,-82,,,,-90,-89,-89,-82,-82,-84
8,8,3,-93,-109,-120,-81,-82,-80,-85,-84,-80,-71,-76,-76,-91,-91,-107,-85,-86,-88,-76,-77,-76
8,8,3,,,,-85,-85,-84,-88,-88,-85,-76,-76,-76,-90,-90,-90,-86,-85,-86,-72,-73,-74
8,8,1,,,,-90,-92,-86,,,,-82,-82,-83,,,,-88,-88,-87,-82,-82,-82
7,8,1,,,,-89,-88,-90,,,,-82,-82,-82,,,,-88,-87,-87,-82,-82,-83
8,8,3,,,,-84,-83,-85,-81,-81,-82,-76,-76,-77,-120,-120,-120,-82,-88,-90,-74,-77,-76
8,8,1,,,,-88,-89,-88,,,,-82,-82,-83,,,,-84,-85,-84,-82,-81,-82
8,8,3,-92,-108,-120,-85,-85,-85,-82,-82,-82,-76,-77,-76,,,,-91,-89,-87,-78,-72,-80
7,8,1,,,,-89,-89,-87,-93,-109,-120,-82,-82,-82,,,,-82,-82,-83,-80,-81,-81
8,8,3,-92,-92,-90,-85,-83,-82,-80,-80,-81,-76,-76,-75,-91,-107,-120,-84,-90,-88,-72,-73,-73
8,8,1,,,,-87,-86,-89,-89,-88,-89,-79,-81,-81,,,,-86,-85,-83,-81,-80,-80
7,8,1,,,,-88,-88,-88,-88,-88,-88,-82,-82,-82,,,,-85,-83,-82,-80,-82,-81
8,8,3,-90,-90,-90,-86,-86,-86,-88,-104,-120,-73,-72,-72,-90,-90,-89,-84,-84,-85,-77,-76,-75
8,8,1,,,,-84,-100,-90,-88,-90,-88,-83,-83,-82,,,,-86,-84,-82,-82,-82,-79
8,8,3,-90,-106,-90,-87,-88,-87,-89,-89,-89,-74,-71,-72,-90,-89,-88,-87,-84,-83,-74,-76,-75
8,8,3,,,,-86,-85,-86,-89,-90,-106,-76,-76,-72,-89,-89,-90,-84,-84,-87,-75,-74,-75
8,8,1,,,,-87,-88,-88,-88,-87,-87,-82,-82,-82,,,,-84,-81,-83,-79,-80,-81
5,5,3,-106,-120,-120,-83,-83,-84,,,,,,,,,,-82,-82,-81,,,
8,8,3,-89,-90,-90,-86,-87,-89,-90,-89,-88,-77,-74,-74,-107,-90,-89,-86,-86,-85,-77,-75,-76
7,8,1,,,,-88,-88,-87,-109,-120,-120,-78,-79,-79,,,,-85,-84,-83,-89,-88,-86
8,8,3,-92,-90,-92,-84,-84,-86,-85,-84,-81,-70,-68,-68,-91,-107,-120,-81,-86,-86,-72,-75,-77
8,8,3,,,,-82,-82,-83,-84,-84,-85,-67,-67,-67,,,,-79,-81,-81,-76,-75,-75
7,8,1,,,,-85,-86,-87,-90,-90,-91,-79,-79,-79,,,,-83,-85,-82,-82,-82,-84
8,8,1,,,,-85,-84,-84,-89,-90,-89,-80,-80,-79,,,,-84,-84,-85,-81,-82,-83
8,8,3,,,,-82,-82,-81,-82,-83,-83,-67,-67,-68,,,,-83,-81,-81,-77,-75,-75
8,8,3,-90,-90,-90,-82,-82,-83,-83,-83,-84,-66,-67,-68,,,,-78,-79,-82,-77,-79,-77
7,8,1,,,,-86,-88,-85,-89,-105,-120,-76,-77,-77,,,,-84,-82,-82,-83,-82,-83
7,8,1,,,,-85,-86,-83,-106,-120,-89,-77,-77,-78,,,,-86,-87,-84,-87,-88,-87
8,8,3,,,,-83,-82,-81,-86,-86,-85,-68,-68,-66,,,,-80,-80,-79,-75,-76,-77
8,8,1,,,,-85,-85,-85,-89,-89,-88,-77,-77,-77,,,,-84,-82,-81,-86,-84,-84
5,5,1,-91,-92,-91,-81,-82,-82,,,,,,,,,,-85,-83,-85,,,
8,8,3,,,,-86,-83,-83,-85,-85,-84,-69,-69,-66,-90,-90,-89,-81,-80,-80,-74,-76,-77
8,8,3,,,,-82,-82,-81,-83,-84,-83,-66,-68,-66,,,,-79,-79,-80,-76,-79,-76
8,8,1,,,,-85,-82,-84,-89,-89,-88,-76,-78,-78,,,,-81,-89,-81,-86,-86,-87
8,8,3,,,,-83,-82,-81,-84,-84,-84,-68,-67,-65,,,,-80,-80,-79,-76,-75,-78
8,8,1,,,,-84,-84,-84,-90,-89,-89,-77,-78,-78,,,,-82,-81,-82,-83,-86,-87
8,8,1,,,,-83,-85,-85,-89,-88,-88,-77,-77,-77,,,,-83,-83,-86,-83,-81,-82
5,5,1,-107,-120,-120,-78,-76,-77,,,,,,,,,,-81,-83,-82,,,
8,8,3,,,,-83,-82,-82,-84,-86,-86,-68,-68,-71,-120,-120,-90,-81,-80,-84,-77,-78,-75
5,8,1,,,,-82,-82,-82,-88,-90,-90,-79,-79,-80,,,,-81,-83,-83,-78,-79,-81
8,8,3,-90,-90,-89,-84,-81,-84,-86,-86,-90,-75,-69,-66,-107,-120,-120,-86,-84,-84,-74,-74,-78
5,5,1,,,,-79,-75,-76,,,,,,,,,,-80,-82,-81,,,
5,5,3,-85,-85,-85,-71,-70,-70,-89,-89,-105,-90,-90,-89,-120,-120,-120,-68,-68,-68,-84,-86,-84
5,5,3,-87,-87,-87,-69,-71,-73,,,,-90,-90,-88,,,,-69,-68,-70,-89,-90,-85
5,5,3,-86,-84,-84,-69,-74,-70,-89,-88,-88,-89,-89,-90,,,,-68,-70,-72,-87,-86,-87
5,5,2,-84,-85,-84,-75,-76,-74,-89,-89,-91,-105,-120,-120,,,,-73,-73,-72,-89,-88,-89
5,5,3,-83,-84,-86,-75,-75,-75,-89,-89,-89,-87,-87,-87,,,,-70,-69,-71,-84,-84,-84
5,5,3,-85,-85,-86,-76,-75,-76,-90,-90,-90,-86,-86,-86,,,,-72,-73,-70,-86,-86,-86
5,5,2,-82,-82,-81,-70,-70,-71,,,,-108,-90,-91,,,,-73,-74,-75,-82,-83,-86
5,5,2,-85,-84,-84,-69,-70,-71,,,,-91,-89,-90,,,,-71,-71,-71,-106,-120,-90
5,5,2,-82,-82,-82,-68,-68,-68,,,,-88,-89,-88,,,,-72,-71,-73,-89,-88,-88
5,5,2,-81,-83,-83,-71,-70,-73,,,,-91,-88,-89,,,,-71,-69,-69,-90,-90,-90
5,5,2,-106,-120,-120,-76,-81,-78,,,,,,,,,,-84,-83,-80,,,
5,5,3,-83,-83,-84,-71,-76,-75,-111,-120,-120,,,,,,,-76,-76,-74,-85,-88,-87
5,5,2,-85,-85,-85,-72,-72,-69,,,,-92,-92,-89,,,,-73,-71,-72,-88,-88,-104
5,5,1,,,,-73,-75,-76,,,,,,,,,,-82,-79,-78,,,
5,5,1,,,,-74,-74,-77,,,,,,,,,,-84,-84,-82,,,
1,1,3,-80,-80,-80,-88,-87,-87,,,,,,,-80,-79,-80,,,,,,
1,1,2,-79,-78,-78,-86,-82,-84,,,,,,,-66,-66,-65,-87,-85,-83,,,
1,1,3,-71,-71,-71,-90,-91,-86,,,,,,,-67,-67,-67,-90,-88,-88,,,
1,1,3,-83,-85,-86,-84,-82,-84,,,,,,,-65,-64,-64,-85,-86,-84,,,
1,1,2,-87,-86,-79,-89,-94,-94,,,,,,,-73,-69,-73,-118,-88,-89,,,
1,1,3,-67,-65,-68,-81,-78,-80,,,,,,,-74,-72,-67,-86,-77,-78,,,
1,1,2,-67,-67,-68,-88,-84,-82,,,,,,,-71,-69,-70,-84,-83,-84,,,
1,1,3,-84,-85,-88,-106,-120,-120,,,,,,,-73,-73,-72,-107,-120,-120,,,
5,5,1,-92,-108,-120,-84,-83,-84,,,,,,,,,,-82,-82,-82,,,
5,5,3,-83,-83,-84,-70,-70,-70,-91,-87,-86,-88,-88,-88,,,,-65,-67,-67,-83,-82,-80
5,5,2,-120,-84,-84,-86,-68,-80,,,,,,,,,,-77,-78,-78,-91,-89,-89
5,5,1,-91,-89,-90,-74,-73,-72,,,,,,,,,,-81,-81,-81,,,
1,1,1,-88,-91,-89,,,,,,,,,,-74,-74,-73,,,,,,
1,1,3,-86,-84,-81,-90,-91,-90,,,,,,,-81,-78,-75,,,,,,
1,1,3,-84,-82,-81,-92,-108,-89,,,,,,,-75,-73,-72,,,,,,
4,3,2,,,,,,,-120,-90,-83,,,,-86,-86,-88,-88,-90,-87,,,
3,3,2,,,,,,,-79,-76,-82,,,,-86,-86,-86,-89,-90,-89,,,
2,2,1,-78,-80,-79,-120,-120,-120,,,,,,,,,,-87,-87,-87,,,
6,6,1,,,,-85,-85,-84,,,,,,,,,,-90,-95,-111,-89,-91,-107
6,6,1,,,,-87,-86,-84,,,,,,,,,,-120,-120,-120,-89,-88,-90
5,6,1,,,,-87,-84,-85,,,,,,,,,,-91,-90,-90,-105,-120,-120
5,5,3,-86,-86,-83,-67,-66,-66,-84,-86,-88,-104,-90,-89,-92,-92,-108,-66,-67,-64,-80,-80,-80
7,7,3,-61,-61,-62,-71,-68,-67,-59,-59,-59,-60,-60,-60,-63,-62,-60,-57,-58,-57,-59,-59,-58
5,5,3,-87,-86,-85,-67,-66,-67,-87,-89,-88,-89,-88,-87,-120,-120,-120,-66,-64,-64,-81,-80,-80
5,5,3,-85,-85,-84,-70,-70,-69,-88,-87,-87,-88,-87,-88,-120,-120,-120,-65,-66,-66,-84,-86,-78
5,5,3,-82,-83,-85,-69,-68,-69,-87,-85,-86,-89,-91,-91,-90,-93,-93,-64,-66,-68,-81,-80,-79
5,5,3,-85,-84,-84,-65,-66,-67,-85,-86,-86,-89,-89,-89,,,,-66,-67,-65,-83,-80,-83
5,5,3,-83,-83,-83,-65,-64,-65,-89,-89,-87,-90,-90,-89,,,,-63,-65,-67,-79,-79,-83
5,5,2,-82,-83,-82,-75,-72,-76,-120,-120,-120,-120,-120,-120,,,,-69,-70,-69,-89,-89,-90
5,5,2,-86,-86,-86,-73,-75,-75,,,,,,,,,,-72,-72,-74,-90,-106,-90
5,5,3,-83,-85,-85,-72,-72,-73,-88,-89,-88,-89,-88,-90,,,,-66,-66,-65,-86,-85,-86
5,5,3,-82,-83,-81,-75,-75,-76,-90,-106,-120,-87,-87,-88,,,,-67,-67,-67,-85,-88,-88
5,5,2,-86,-85,-86,-76,-77,-78,-104,-120,-90,,,,,,,-74,-73,-73,-87,-89,-88
5,5,3,-89,-85,-83,-76,-75,-75,-90,-92,-108,-86,-86,-89,,,,-68,-69,-73,-88,-87,-85
5,5,3,-87,-84,-84,-74,-75,-75,-89,-89,-91,-85,-86,-88,,,,-73,-69,-73,-85,-86,-87
5,5,2,-81,-82,-82,-69,-70,-73,,,,-89,-89,-89,,,,-71,-71,-70,-85,-87,-86
5,5,3,-85,-87,-86,-75,-73,-73,-92,-92,-89,-86,-84,-85,,,,-71,-70,-68,-86,-88,-87
5,5,3,-80,-81,-80,-72,-71,-73,-120,-120,-120,,,,,,,-71,-70,-72,-88,-88,-89
5,5,3,-84,-79,-80,-72,-73,-71,-88,-87,-88,-90,-90,-93,,,,-69,-74,-80,-83,-83,-87
5,5,2,-120,-120,-91,-78,-78,-76,,,,,,,,,,-77,-72,-73,-108,-90,-86
5,5,2,-83,-84,-82,-82,-82,-86,,,,,,,,,,-75,-74,-74,-120,-82,-83
5,5,3,-82,-83,-81,-73,-72,-72,-89,-86,-90,,,,-93,-94,-110,-74,-74,-73,-85,-84,-84
5,5,2,-83,-84,-86,-76,-75,-75,,,,,,,,,,-71,-74,-74,-85,-82,-82
5,5,3,-88,-88,-83,-74,-76,-73,-106,-120,-120,-87,-86,-88,,,,-66,-65,-67,-87,-85,-84
5,5,2,-83,-86,-87,-76,-76,-75,,,,,,,,,,-73,-73,-71,-84,-89,-85
5,5,3,-84,-85,-85,-68,-69,-68,-89,-89,-83,-86,-87,-87,-93,-109,-120,-66,-66,-66,-86,-86,-85
5,5,3,-82,-82,-83,-73,-73,-73,-85,-86,-88,-90,-90,-91,-93,-109,-120,-66,-66,-67,-88,-87,-87
5,5,1,-92,-92,-89,-72,-77,-80,,,,,,,,,,-85,-81,-81,,,
5,5,3,-86,-86,-87,-67,-67,-68,-91,-86,-84,-87,-87,-87,-89,-105,-120,-65,-64,-63,-85,-88,-88
5,5,2,-86,-88,-90,-75,-75,-74,,,,,,,,,,-74,-74,-77,-105,-120,-120
5,5,3,-84,-83,-87,-76,-75,-76,-89,-89,-90,-88,-88,-87,-93,-109,-120,-69,-70,-70,-87,-86,-87
5,5,3,-83,-83,-85,-73,-73,-74,-93,-109,-120,-88,-88,-87,-120,-120,-120,-71,-70,-72,-86,-87,-86
5,5,2,-82,-83,-87,-70,-70,-73,,,,,,,,,,-71,-76,-68,-94,-110,-89
5,5,2,-105,-120,-87,-81,-80,-79,,,,,,,,,,-77,-78,-78,-93,-92,-91
5,5,3,,,,-82,-82,-83,,,,,,,,,,-83,-81,-80,,,
5,5,3,-88,-88,-87,-75,-74,-75,-92,-91,-107,-91,-89,-91,,,,-66,-66,-66,-86,-86,-85
5,5,2,-82,-82,-82,-70,-73,-72,-90,-106,-120,-104,-120,-120,,,,-70,-72,-72,-89,-88,-87
5,5,3,-86,-87,-86,-70,-69,-68,-87,-88,-90,-90,-90,-90,,,,-74,-76,-75,-90,-90,-90
5,5,3,-85,-84,-82,-69,-69,-68,-91,-107,-120,-86,-87,-87,,,,-68,-68,-68,-82,-84,-85
5,5,3,-82,-80,-80,-74,-75,-77,,,,,,,,,,-65,-65,-65,-89,-91,-89
5,5,3,-83,-84,-85,-69,-66,-65,-120,-120,-120,-86,-87,-91,-88,-88,-88,-67,-68,-68,-84,-85,-84
6,6,1,,,,-81,-84,-84,,,,,,,,,,,,,-88,-90,-106
5,5,2,-79,-80,-80,-69,-86,-75,-120,-89,-92,,,,,,,-73,-73,-89,-120,-120,-92
5,5,3,-87,-87,-88,-71,-69,-70,-88,-88,-90,-107,-120,-120,,,,-69,-70,-69,-87,-87,-89
5,5,2,-80,-80,-81,-72,-73,-68,-91,-88,-104,-89,-89,-105,,,,-78,-74,-71,-120,-120,-91
5,5,3,-86,-86,-87,-71,-71,-71,-86,-87,-88,-87,-88,-88,,,,-74,-71,-74,-87,-86,-87
5,5,3,-80,-83,-85,-65,-65,-66,-107,-89,-90,-87,-85,-93,-89,-89,-89,-70,-69,-67,-82,-85,-85
7,7,3,,,,-79,-80,-79,-83,-83,-83,-78,-79,-79,-91,-91,-88,-78,-79,-78,-81,-82,-81
5,7,3,-89,-91,-107,-80,-79,-79,-80,-81,-80,-79,-78,-76,-88,-89,-89,-78,-81,-81,-81,-80,-80
7,7,2,-93,-109,-120,-83,-84,-83,-84,-84,-100,-86,-91,-78,,,,-85,-84,-83,-91,-92,-90
5,7,3,-90,-88,-90,-74,-74,-74,-81,-80,-82,-78,-80,-80,-90,-106,-120,-73,-73,-73,-82,-82,-83
5,7,3,-90,-89,-88,-75,-77,-79,-82,-81,-81,-82,-84,-85,-88,-93,-94,-72,-72,-72,-82,-83,-81
7,7,2,,,,-86,-87,-86,-82,-82,-84,-79,-78,-77,-89,-105,-91,-83,-83,-82,-94,-89,-88
5,5,1,-93,-93,-91,-76,-75,-75,,,,,,,,,,-82,-81,-81,,,
5,7,2,,,,-83,-80,-81,-87,-82,-83,-86,-81,-81,,,,-83,-83,-84,-118,-120,-93
8,7,3,,,,-81,-80,-79,-82,-83,-84,-77,-76,-77,-88,-88,-87,-81,-78,-77,-81,-80,-80
5,7,2,,,,-83,-83,-83,-87,-88,-86,-82,-84,-87,,,,-86,-87,-90,-106,-120,-120
7,7,2,-90,-90,-89,-81,-80,-79,-79,-80,-80,-77,-76,-73,-93,-95,-91,-81,-84,-82,-88,-89,-89
7,7,3,-90,-90,-106,-79,-78,-80,-81,-80,-79,-75,-79,-79,-90,-90,-91,-77,-79,-81,-83,-83,-85
5,7,3,-120,-120,-89,-74,-74,-74,-87,-83,-84,-83,-81,-79,-89,-89,-88,-72,-72,-72,-84,-83,-84
7,7,3,-92,-92,-108,-81,-81,-85,-83,-80,-79,-78,-78,-78,-89,-89,-88,-78,-80,-80,-81,-82,-82
4,7,3,,,,-84,-85,-84,-80,-83,-81,-87,-84,-85,,,,-83,-83,-82,-89,-91,-88
7,7,2,-107,-90,-89,-82,-84,-85,-81,-80,-79,-73,-74,-77,-89,-90,-89,-82,-82,-82,-87,-87,-88
5,7,3,,,,-75,-73,-72,-80,-82,-86,-83,-81,-80,-89,-93,-109,-72,-72,-71,-85,-85,-84
7,7,2,-106,-120,-120,-79,-79,-82,-83,-99,-115,-84,-88,-104,,,,-92,-87,-85,-89,-89,-89
7,7,3,-86,-85,-85,-79,-79,-79,-88,-89,-89,-80,-76,-76,-92,-108,-120,-76,-76,-76,-82,-83,-83
5,7,3,,,,-73,-73,-74,-81,-81,-77,-81,-81,-78,-108,-92,-88,-72,-72,-72,-83,-85,-87
7,7,3,-89,-88,-90,-83,-84,-85,-78,-80,-80,-70,-70,-72,-86,-86,-86,-83,-84,-85,-108,-120,-120
5,7,2,,,,-87,-87,-86,-83,-88,-89,-77,-76,-82,-90,-90,-106,-85,-84,-84,-86,-86,-102
5,7,3,,,,-73,-73,-74,-80,-79,-78,-77,-77,-79,-92,-90,-90,-72,-72,-72,-85,-86,-84
7,7,2,-89,-89,-105,-84,-83,-85,-83,-84,-83,-76,-80,-81,-89,-89,-90,-80,-79,-82,-85,-88,-92
7,7,2,,,,-85,-84,-84,-89,-85,-90,-80,-76,-75,-89,-89,-90,-81,-81,-81,-91,-86,-86
7,7,3,-89,-87,-86,-82,-83,-85,-83,-82,-82,-75,-78,-79,-90,-89,-89,-76,-74,-75,-88,-86,-84
5,7,3,-90,-90,-91,-75,-75,-75,-82,-79,-78,-78,-80,-78,-106,-120,-120,-75,-77,-75,-86,-85,-87
7,7,3,-87,-87,-83,-86,-85,-83,-78,-80,-78,-75,-75,-74,-85,-87,-87,-75,-77,-76,-84,-86,-84
7,7,2,,,,-83,-99,-93,-87,-87,-84,-80,-81,-81,-89,-93,-109,-86,-86,-86,,,
5,7,3,-91,-89,-88,-75,-75,-75,-78,-80,-84,-76,-75,-75,,,,-75,-75,-75,-87,-86,-83
7,7,3,-88,-88,-88,-79,-79,-77,-81,-80,-81,-72,-72,-72,,,,-77,-76,-81,-88,-89,-89
7,7,2,-88,-88,-93,-88,-86,-86,-88,-86,-83,-74,-74,-75,-120,-120,-89,-78,-78,-79,-107,-120,-120
7,7,3,-85,-84,-89,-78,-80,-79,-79,-77,-76,-76,-75,-76,-88,-84,-84,-76,-78,-76,-84,-82,-82
7,7,3,-79,-80,-82,-80,-81,-80,-79,-78,-79,-76,-76,-76,-88,-86,-85,-78,-78,-78,-84,-85,-84
7,7,3,-87,-85,-84,-82,-84,-84,-82,-83,-82,-75,-76,-74,-89,-90,-90,-79,-78,-77,-87,-87,-87
7,7,2,-117,-120,-120,-83,-81,-85,-90,-90,-89,-77,-77,-78,-88,-88,-88,-80,-79,-79,-88,-89,-90
5,5,3,,,,-79,-80,-82,,,,,,,,,,-81,-85,-85,,,
7,7,3,-91,-90,-87,-82,-82,-82,-81,-85,-84,-77,-74,-74,-84,-82,-83,-78,-78,-78,-87,-86,-85
4,7,1,,,,-88,-87,-87,-90,-89,-89,-88,-88,-88,,,,-90,-89,-89,,,
7,7,3,-105,-90,-88,-83,-83,-84,-82,-81,-81,-74,-75,-73,,,,-82,-82,-82,-81,-81,-82
5,7,2,,,,-80,-84,-89,-84,-84,-84,-72,-80,-82,,,,-103,-119,-91,-94,-110,-120
7,7,2,,,,-80,-80,-80,-84,-100,-90,-75,-74,-74,,,,-88,-87,-91,,,
7,7,3,-91,-107,-120,-84,-84,-85,-80,-79,-79,-74,-74,-74,-90,-93,-91,-81,-82,-82,-82,-82,-83
7,7,1,,,,-87,-85,-86,,,,-80,-83,-81,,,,-85,-86,-86,,,
7,7,3,-90,-91,-92,-73,-72,-74,-78,-79,-78,-80,-81,-86,-93,-89,-90,-71,-71,-71,-85,-81,-81
7,7,3,-88,-104,-120,-83,-83,-82,-78,-77,-77,-73,-73,-73,-86,-87,-88,-82,-82,-82,-89,-89,-88
7,7,2,-120,-120,-120,-82,-82,-86,-82,-98,-87,-79,-78,-83,,,,-83,-84,-84,-87,-103,-119
5,7,3,-90,-89,-89,-75,-77,-78,-80,-80,-79,-78,-79,-78,-88,-88,-88,-74,-73,-73,-86,-86,-84
7,7,2,,,,-82,-84,-82,-82,-80,-80,-75,-77,-77,-120,-120,-120,-82,-84,-83,-89,-89,-89
7,7,3,-91,-91,-90,-75,-78,-80,-81,-79,-83,-74,-73,-73,-120,-120,-120,-79,-79,-79,-84,-84,-84
5,7,3,-90,-90,-90,-81,-84,-80,-79,-80,-79,-79,-78,-78,-88,-87,-88,-72,-72,-73,-88,-83,-83
7,7,3,-89,-92,-89,-78,-78,-79,-81,-81,-81,-74,-75,-75,-90,-90,-92,-80,-79,-77,-85,-84,-83
7,7,3,-90,-87,-89,-78,-77,-78,-82,-80,-79,-78,-76,-77,-89,-90,-90,-72,-72,-72,-86,-85,-85
4,7,2,-89,-90,-106,-83,-82,-82,-82,-82,-82,-82,-80,-77,,,,-82,-82,-85,-90,-106,-120
5,5,1,,,,-76,-77,-78,,,,,,,,,,-79,-81,-82,,,
7,7,3,-88,-88,-87,-80,-80,-79,-81,-80,-80,-71,-71,-72,-87,-88,-92,-82,-81,-80,-88,-88,-89
7,7,2,-120,-120,-120,-89,-89,-83,-86,-102,-80,-81,-75,-74,,,,-104,-82,-86,,,
7,7,3,-90,-106,-89,-84,-82,-84,-83,-83,-83,-77,-76,-77,-90,-90,-90,-77,-76,-76,-90,-89,-89
7,7,3,-89,-89,-87,-81,-81,-82,-80,-80,-79,-71,-71,-71,-88,-86,-86,-79,-81,-82,-88,-89,-87
7,7,3,-93,-88,-88,-82,-82,-80,-84,-85,-87,-75,-75,-76,-90,-106,-120,-75,-75,-76,-120,-120,-120
5,5,3,-90,-90,-89,-82,-80,-80,,,,,,,,,,-79,-80,-79,,,
7,7,3,-87,-88,-90,-81,-85,-83,-80,-80,-80,-71,-71,-71,-93,-87,-86,-80,-81,-81,-88,-89,-88
7,7,2,,,,-89,-93,-88,-77,-77,-93,-82,-90,-86,-120,-120,-120,-88,-88,-83,,,
7,7,3,-87,-88,-89,-78,-78,-80,-77,-78,-79,-82,-81,-81,,,,-77,-81,-80,-90,-93,-90
5,7,2,-107,-120,-120,-88,-87,-86,-86,-88,-87,-85,-81,-81,,,,-92,-89,-105,,,
7,7,3,-90,-88,-88,-83,-83,-83,-82,-81,-80,-71,-71,-71,-91,-88,-87,-81,-80,-81,-89,-90,-92
4,7,2,,,,-80,-80,-86,-79,-80,-81,-73,-73,-73,-108,-120,-92,-85,-84,-84,,,
7,7,3,-87,-87,-87,-82,-85,-81,-84,-84,-85,-75,-76,-76,-90,-90,-90,-75,-76,-75,-120,-120,-120
7,7,2,,,,-83,-83,-83,-88,-86,-86,-88,-89,-92,,,,-92,-90,-106,,,
4,7,3,-88,-88,-88,-78,-79,-79,-78,-79,-79,-83,-82,-81,,,,-80,-78,-79,-93,-93,-92
7,7,3,-87,-88,-92,-81,-82,-82,-81,-81,-82,-72,-72,-73,-85,-85,-85,-79,-80,-80,-91,-90,-89
7,7,2,,,,-90,-89,-86,-88,-88,-87,-72,-77,-73,,,,-85,-85,-84,,,
7,7,3,-87,-87,-87,-82,-82,-81,-80,-82,-80,-77,-78,-77,,,,-76,-78,-78,-89,-89,-90
1,1,3,-78,-78,-78,-87,-86,-87,,,,,,,-79,-78,-78,,,,,,
5,7,3,-88,-89,-87,-78,-77,-81,-82,-83,-82,-71,-71,-73,-89,-90,-106,-79,-82,-81,-91,-107,-88
4,7,3,-88,-88,-88,-77,-78,-78,-76,-77,-77,-80,-81,-82,,,,-79,-80,-83,-120,-120,-120
7,7,3,-89,-87,-88,-84,-87,-85,-80,-81,-84,-77,-79,-77,-90,-87,-89,-77,-78,-79,-105,-91,-90
5,7,2,,,,-87,-86,-86,-105,-120,-89,-84,-87,-83,,,,-120,-120,-89,,,
7,7,2,,,,-87,-84,-80,-120,-90,-88,-79,-77,-75,-88,-89,-88,-83,-82,-83,,,
7,7,3,-89,-90,-86,-78,-77,-78,-82,-83,-81,-74,-74,-73,-105,-120,-91,-80,-79,-80,-86,-87,-87
7,7,3,-120,-89,-90,-89,-84,-81,-88,-85,-79,-81,-76,-75,-90,-89,-86,-85,-83,-78,-107,-89,-90
7,7,2,-120,-120,-120,-90,-92,-90,-107,-86,-81,-84,-75,-72,-90,-90,-89,-95,-86,-84,-108,-120,-120
7,7,3,-90,-89,-88,-90,-86,-82,-80,-81,-80,-71,-70,-71,,,,-81,-80,-79,-120,-120,-120
7,7,3,-106,-120,-120,-81,-82,-82,-82,-82,-82,-78,-79,-81,-86,-86,-85,-78,-77,-77,-89,-105,-120
7,7,3,-87,-88,-87,-83,-84,-86,-80,-80,-81,-71,-71,-72,-120,-120,-120,-79,-78,-79,-106,-120,-89
1,1,3,-79,-77,-77,-86,-86,-87,,,,,,,-77,-78,-79,,,,,,
7,7,2,-87,-88,-104,-86,-82,-82,-88,-104,-88,-72,-72,-72,-88,-87,-86,-82,-85,-85,-88,-88,-88
7,7,3,,,,-82,-80,-80,-81,-82,-80,-81,-84,-79,-86,-87,-85,-78,-78,-77,,,
7,7,2,-92,-88,-91,-86,-85,-86,-85,-81,-88,-76,-76,-75,-90,-90,-88,-85,-82,-82,-108,-120,-120
7,7,3,,,,-81,-81,-82,-77,-79,-80,-79,-83,-84,-86,-85,-85,-77,-76,-77,,,
7,7,3,-87,-88,-87,-82,-81,-81,-81,-81,-82,-74,-73,-72,,,,-79,-80,-81,-88,-88,-89
7,7,2,-87,-93,-96,-84,-84,-87,-83,-81,-83,-78,-80,-80,-93,-109,-120,-86,-87,-81,-91,-91,-96
7,7,3,-89,-91,-107,-82,-82,-84,-79,-81,-79,-72,-72,-75,-85,-101,-117,-76,-75,-75,-89,-89,-90
7,7,2,-90,-89,-89,-90,-89,-89,-86,-91,-88,-73,-72,-75,,,,-83,-84,-84,-87,-85,-86
7,7,3,-88,-90,-90,-81,-85,-82,-80,-81,-82,-70,-68,-69,-91,-91,-89,-78,-77,-77,-86,-85,-83
7,7,3,-120,-120,-120,-83,-82,-81,-81,-81,-80,-77,-74,-73,-106,-120,-90,-84,-84,-82,-87,-90,-106
7,7,3,-87,-87,-88,-84,-82,-81,-89,-90,-89,-68,-71,-71,-89,-86,-86,-77,-77,-78,-86,-86,-85
1,1,1,-89,-105,-91,,,,,,,,,,-72,-72,-72,-93,-109,-120,,,
7,7,2,-105,-120,-120,-86,-87,-88,-87,-103,-119,-75,-75,-91,,,,-82,-82,-82,-87,-85,-87
7,7,3,-120,-120,-120,-87,-84,-82,-82,-81,-81,-73,-72,-75,-90,-106,-90,-82,-82,-83,-89,-89,-90
7,7,3,-87,-88,-88,-82,-82,-80,-91,-90,-89,-71,-71,-70,-88,-87,-87,-78,-78,-78,-84,-86,-86
7,7,3,,,,-84,-82,-82,-84,-83,-83,-70,-70,-70,-107,-120,-120,-84,-87,-82,-107,-120,-90
7,7,3,-88,-90,-88,-83,-84,-82,-106,-120,-120,-70,-70,-70,-92,-87,-87,-78,-79,-78,-85,-84,-84
8,7,2,,,,-83,-84,-83,-86,-86,-84,-75,-75,-76,,,,-87,-85,-82,-87,-88,-86
7,7,3,-107,-92,-108,-83,-83,-86,-88,-87,-87,-75,-73,-71,-92,-93,-93,-78,-76,-76,-82,-83,-83
7,7,3,-92,-93,-91,-86,-82,-82,-84,-83,-79,-73,-77,-73,-120,-120,-90,-84,-81,-80,-88,-85,-84
7,7,2,-90,-89,-105,-85,-86,-85,-93,-85,-83,-75,-76,-75,,,,-88,-82,-81,-89,-86,-89
7,7,3,,,,-88,-87,-90,-91,-107,-93,-87,-86,-87,,,,-105,-120,-94,,,
7,7,3,-90,-86,-86,-86,-84,-84,-85,-84,-84,-79,-78,-76,-90,-89,-83,-77,-78,-81,-80,-81,-88
7,7,3,-108,-120,-120,-87,-87,-90,-84,-85,-91,-67,-69,-69,,,,-86,-85,-84,-87,-87,-89
7,7,3,-90,-106,-120,-81,-84,-84,-82,-83,-82,-73,-69,-67,-90,-106,-120,-83,-83,-83,-83,-81,-81
8,7,2,,,,-103,-90,-90,-89,-105,-120,-106,-68,-69,-91,-107,-120,-89,-90,-106,-92,-84,-87
7,7,3,-91,-92,-91,-80,-83,-80,-82,-82,-81,-71,-72,-72,-87,-86,-84,-81,-82,-84,-91,-90,-92
8,7,3,,,,-85,-85,-85,-80,-82,-82,-70,-70,-71,,,,-85,-85,-85,-87,-87,-86
7,7,2,,,,-85,-85,-85,-85,-85,-86,-68,-67,-68,,,,-84,-83,-83,-84,-87,-88
7,7,3,-89,-89,-89,-80,-84,-81,-80,-81,-80,-74,-74,-73,-84,-84,-83,-84,-84,-84,-88,-88,-89
7,7,2,,,,-90,-87,-87,-113,-93,-87,-73,-72,-69,,,,-85,-86,-87,-94,-88,-85
7,7,3,-120,-120,-120,-86,-86,-86,-86,-85,-85,-75,-75,-75,,,,-85,-84,-86,-90,-89,-89
8,7,2,-90,-106,-120,-84,-80,-83,-80,-79,-79,-76,-77,-77,,,,-87,-84,-84,-85,-86,-85
7,7,3,-107,-91,-90,-87,-85,-83,-85,-84,-84,-70,-69,-69,,,,-82,-81,-82,-84,-88,-89
7,7,2,,,,-88,-89,-90,-86,-87,-86,-77,-69,-75,,,,-86,-86,-86,-88,-90,-89
4,7,3,-89,-91,-86,-85,-83,-81,-83,-76,-77,-76,-82,-84,-83,-80,-80,-84,-84,-86,-90,-106,-120
7,7,3,-87,-89,-89,-82,-82,-83,-76,-76,-80,-75,-72,-71,-82,-87,-86,-84,-81,-80,-90,-86,-86
7,7,2,,,,-91,-107,-89,-87,-87,-89,-75,-71,-71,,,,-86,-86,-87,-91,-94,-88
7,7,3,-90,-106,-120,-87,-87,-85,-85,-89,-82,-69,-68,-69,-94,-94,-92,-82,-83,-81,-87,-87,-88
7,7,1,,,,-87,-85,-84,-120,-120,-120,-84,-82,-82,,,,-89,-86,-85,,,
7,7,3,-120,-120,-120,-86,-86,-88,-82,-80,-81,-65,-68,-69,-90,-90,-90,-82,-84,-86,-84,-83,-84
7,7,2,,,,-89,-89,-89,-84,-82,-81,-75,-72,-71,,,,-84,-84,-85,-89,-105,-88
7,7,3,,,,-84,-85,-87,-86,-88,-87,-68,-69,-68,,,,-81,-81,-81,-89,-88,-84
7,7,2,-90,-90,-91,-88,-87,-87,-87,-88,-89,-74,-73,-74,-91,-91,-92,-81,-82,-81,-93,-91,-88
4,7,3,-91,-84,-86,-84,-86,-84,-79,-81,-82,-75,-75,-74,-87,-87,-85,-81,-82,-84,-89,-89,-89
7,7,1,,,,-84,-84,-86,-120,-120,-120,-81,-81,-85,,,,-91,-91,-90,,,
7,7,3,-90,-106,-120,-85,-86,-87,-83,-85,-85,-71,-71,-74,,,,-80,-78,-78,-86,-86,-86
5,5,3,-86,-86,-87,-70,-71,-72,-106,-120,-120,,,,,,,-68,-67,-68,-86,-90,-90
7,7,2,,,,-86,-87,-87,-84,-90,-90,-89,-89,-75,-107,-120,-120,-88,-104,-80,-91,-107,-120
3,7,3,-107,-120,-120,-80,-82,-84,-78,-79,-80,-77,-79,-77,-87,-89,-89,-82,-84,-84,-89,-87,-87
7,7,3,-90,-106,-120,-80,-83,-83,-83,-82,-82,-70,-72,-72,-89,-89,-91,-78,-78,-79,-86,-86,-85
7,7,3,-87,-87,-88,-84,-85,-83,-78,-80,-86,-74,-72,-72,-85,-85,-85,-83,-82,-82,-88,-86,-87
7,7,2,-108,-120,-120,-84,-84,-84,-79,-80,-80,-72,-72,-74,-120,-120,-120,-83,-85,-85,-89,-88,-90
7,7,3,-120,-120,-120,-88,-87,-86,-80,-77,-77,-68,-68,-69,-93,-93,-90,-81,-79,-80,-87,-87,-88
7,7,3,-88,-87,-88,-83,-82,-82,-81,-81,-81,-77,-75,-70,-87,-87,-86,-82,-82,-82,-87,-85,-84
7,7,2,-87,-91,-89,-89,-105,-120,-85,-85,-84,-77,-79,-83,-107,-120,-120,-107,-87,-85,-118,-120,-92
7,7,3,,,,-87,-88,-88,-79,-77,-77,-68,-68,-68,-92,-96,-88,-81,-85,-81,-88,-86,-87
7,7,3,-88,-88,-87,-82,-82,-82,-81,-80,-80,-72,-72,-73,-86,-86,-86,-81,-81,-82,-86,-87,-87
1,1,3,-84,-84,-81,,,,,,,,,,-80,-78,-77,-89,-90,-89,,,
7,7,3,-108,-120,-120,-88,-85,-85,-79,-78,-79,-68,-67,-68,-92,-92,-93,-82,-82,-82,-86,-87,-85
7,7,2,-106,-120,-120,-85,-83,-83,-81,-82,-81,-81,-79,-79,-107,-90,-91,-83,-84,-84,-89,-91,-107
7,7,3,-87,-88,-91,-83,-82,-83,-82,-81,-77,-76,-70,-70,-84,-85,-86,-85,-85,-84,-91,-90,-87
7,7,3,,,,-107,-120,-92,-120,-90,-87,-87,-82,-80,,,,-107,-120,-91,,,
7,7,3,,,,-87,-86,-85,-120,-120,-93,-80,-86,-88,,,,-89,-87,-81,-89,-89,-90
5,5,3,-80,-81,-83,-70,-69,-65,-89,-89,-88,-90,-92,-108,-89,-88,-92,-69,-66,-68,-88,-89,-88
5,5,3,-79,-79,-79,-70,-72,-72,-88,-88,-86,-89,-87,-87,-89,-90,-106,-68,-68,-67,-84,-83,-85
5,5,3,-84,-83,-84,-74,-74,-74,-108,-120,-120,-106,-120,-90,,,,-71,-69,-69,-105,-89,-90
5,5,2,-120,-92,-92,-73,-70,-69,-92,-92,-108,,,,,,,-70,-73,-71,-89,-92,-89
5,5,3,-82,-81,-81,-73,-72,-72,-104,-90,-89,-88,-87,-86,-89,-89,-105,-66,-67,-65,-84,-83,-84
5,5,3,-86,-86,-86,-67,-66,-65,-107,-120,-120,-120,-120,-120,,,,-66,-65,-65,-87,-89,-86
5,5,2,-90,-88,-87,-73,-70,-64,,,,,,,,,,-71,-73,-72,-90,-106,-120
5,5,3,-81,-83,-82,-69,-68,-70,-88,-87,-88,-87,-87,-87,-90,-106,-120,-66,-70,-70,-86,-84,-84
5,5,3,-80,-79,-83,-70,-69,-74,-88,-91,-91,-88,-87,-87,-90,-90,-90,-64,-64,-64,-87,-86,-86
5,5,3,-89,-85,-85,-66,-66,-67,-87,-89,-90,-90,-89,-89,,,,-68,-67,-67,-88,-87,-89
5,5,2,-89,-88,-86,-70,-66,-66,,,,-90,-90,-106,,,,-68,-68,-69,-86,-86,-86
5,5,3,-83,-81,-80,-69,-68,-69,-87,-89,-90,-89,-90,-89,-89,-89,-89,-64,-66,-64,-86,-86,-88
5,5,2,-83,-82,-98,-72,-77,-69,,,,-93,-92,-89,,,,-69,-70,-73,-84,-85,-88
5,5,3,-82,-82,-82,-68,-67,-67,-90,-91,-92,-90,-91,-90,-90,-90,-89,-65,-65,-65,-85,-86,-88
5,5,2,-91,-107,-120,-74,-81,-72,,,,,,,,,,-71,-72,-72,-89,-85,-84
5,5,3,-88,-88,-87,-75,-75,-72,-120,-120,-120,-120,-120,-120,,,,-69,-70,-73,-89,-89,-90
5,5,3,-82,-82,-82,-67,-67,-67,-89,-88,-90,-90,-89,-90,-89,-88,-88,-66,-66,-65,-87,-87,-87
5,5,2,-90,-89,-89,-73,-74,-73,,,,,,,,,,-70,-70,-71,-85,-85,-85
5,5,3,-86,-86,-87,-68,-69,-70,-90,-106,-120,,,,,,,-74,-74,-75,-88,-89,-89
5,5,3,-83,-79,-79,-68,-68,-68,-88,-88,-89,-88,-90,-88,-88,-88,-88,-66,-66,-67,-86,-87,-87
5,5,2,-88,-89,-105,-73,-73,-72,,,,,,,,,,-71,-72,-69,-84,-83,-86
5,5,3,-86,-87,-89,-72,-72,-71,-107,-120,-120,,,,,,,-74,-74,-74,-120,-90,-86
5,5,3,-80,-80,-81,-68,-68,-66,-89,-88,-88,-87,-85,-89,-89,-89,-89,-65,-65,-65,-88,-89,-88
5,5,2,-85,-86,-85,-76,-75,-68,,,,,,,,,,-79,-76,-78,-89,-87,-87
5,5,3,-81,-88,-80,-67,-68,-66,-88,-88,-87,-87,-88,-88,-89,-89,-91,-65,-65,-65,-87,-88,-86
5,5,1,,,,-77,-77,-78,,,,,,,,,,-79,-80,-80,,,
5,5,3,-120,-87,-85,-73,-74,-69,-87,-87,-89,-88,-88,-88,,,,-70,-69,-67,-88,-90,-90
5,5,3,-83,-81,-82,-69,-73,-74,-88,-87,-87,-88,-87,-86,-89,-90,-90,-64,-64,-65,-87,-87,-86
5,5,2,-85,-89,-86,-72,-69,-68,-91,-90,-89,-90,-92,-93,,,,-68,-72,-72,-88,-89,-90
5,5,3,-90,-86,-88,-71,-67,-66,-90,-91,-90,-89,-84,-85,,,,-72,-72,-76,-88,-89,-87
5,5,3,-91,-91,-88,-82,-82,-81,,,,,,,,,,-84,-86,-86,-120,-120,-120
5,5,3,-85,-83,-83,-59,-62,-64,-86,-85,-86,-90,-106,-90,,,,-73,-75,-76,-89,-91,-90
5,5,2,-93,-90,-92,-64,-63,-66,-89,-90,-106,-88,-87,-89,,,,-74,-76,-77,-106,-120,-88
5,5,2,-90,-106,-120,-71,-73,-71,-91,-92,-108,,,,,,,-77,-77,-77,-86,-87,-87
5,5,3,-86,-87,-85,-67,-66,-66,-120,-120,-120,-89,-89,-91,,,,-75,-75,-77,-84,-85,-85
5,5,3,-82,-85,-85,-70,-67,-69,-87,-87,-89,-89,-89,-90,-89,-89,-89,-66,-68,-67,-86,-87,-86
5,5,2,-88,-87,-88,-67,-69,-69,,,,,,,,,,-74,-77,-79,-108,-90,-89
1,1,3,-80,-81,-81,,,,,,,,,,-75,-76,-75,-90,-92,-90,,,
5,5,3,-85,-86,-89,-64,-64,-67,-120,-89,-85,-120,-120,-120,,,,-78,-74,-74,-120,-89,-88
5,5,3,-85,-83,-84,-68,-69,-71,-87,-89,-88,,,,-90,-91,-87,-68,-68,-69,-86,-87,-86
5,5,3,-89,-84,-83,-66,-66,-66,-88,-89,-89,,,,,,,-74,-71,-71,-90,-90,-90
5,5,2,-84,-88,-92,-72,-71,-71,,,,-89,-89,-105,,,,-76,-81,-79,,,
5,5,3,-82,-82,-84,-64,-65,-65,-87,-86,-85,-88,-90,-90,-87,-88,-90,-69,-71,-70,-87,-87,-88
5,5,3,-89,-90,-106,-63,-61,-63,-84,-86,-88,-91,-89,-86,,,,-78,-81,-82,-89,-88,-89
5,5,2,-88,-89,-84,-64,-65,-65,-87,-89,-89,-84,-84,-89,,,,-79,-82,-83,-90,-91,-90
5,5,2,-85,-101,-93,-65,-65,-66,-87,-103,-119,-104,-86,-88,,,,-78,-78,-78,-88,-88,-104
5,5,3,-90,-86,-84,-65,-65,-63,-87,-83,-84,-85,-89,-92,,,,-77,-74,-79,-87,-85,-87
5,5,3,-87,-86,-86,-69,-68,-68,-86,-86,-85,-120,-120,-120,-88,-89,-88,-70,-69,-69,-85,-85,-88
5,5,3,-84,-84,-84,-78,-78,-77,-84,-88,-91,-87,-84,-84,,,,-73,-73,-72,-88,-88,-89
5,5,3,-86,-87,-89,-66,-65,-61,-91,-90,-91,-120,-120,-87,,,,-71,-71,-75,-87,-87,-89
5,5,2,-88,-86,-85,-70,-71,-70,-86,-87,-86,-89,-92,-108,-120,-120,-120,-72,-75,-77,-88,-89,-89
5,5,3,-88,-88,-88,-69,-69,-69,-84,-84,-84,,,,-86,-87,-88,-69,-69,-68,-85,-85,-85
5,5,3,-85,-86,-86,-64,-64,-65,-89,-89,-105,-90,-89,-90,,,,-70,-73,-70,-88,-86,-89
5,5,3,-88,-87,-86,-71,-71,-71,-87,-86,-86,-108,-120,-120,-90,-90,-89,-67,-67,-67,-88,-88,-87
5,5,2,-120,-90,-89,-64,-64,-64,-93,-89,-88,-120,-120,-90,,,,-77,-75,-76,-88,-88,-87
5,5,2,-87,-87,-87,-65,-68,-65,-89,-89,-89,,,,,,,-76,-76,-92,-88,-87,-88
5,5,3,-86,-89,-87,-70,-70,-69,-91,-90,-87,-90,-90,-90,-89,-89,-88,-68,-67,-65,-86,-85,-87
5,5,3,-86,-84,-85,-69,-69,-69,-89,-88,-88,-92,-93,-90,-88,-87,-88,-66,-66,-68,-84,-85,-85
5,5,3,-89,-89,-89,-61,-61,-61,-89,-90,-92,-88,-88,-88,-93,-93,-93,-79,-77,-78,-87,-87,-87
5,5,2,-90,-90,-106,-83,-77,-75,-91,-107,-90,,,,,,,-74,-75,-75,-88,-89,-105
5,5,3,-81,-81,-80,-71,-70,-70,-84,-85,-86,,,,-89,-90,-106,-67,-68,-70,-84,-84,-84
1,1,2,-76,-81,-81,-81,-80,-86,,,,,,,-69,-76,-77,-87,-87,-87,,,
5,5,2,-86,-91,-88,-77,-75,-74,-88,-88,-86,-94,-90,-88,-89,-86,-102,-77,-76,-74,-119,-88,-90
5,5,3,-83,-86,-88,-67,-68,-69,-89,-90,-106,-90,-88,-86,-92,-93,-109,-72,-70,-70,-89,-89,-90
5,5,3,-82,-83,-83,-68,-69,-69,-84,-84,-86,-120,-120,-120,-88,-87,-91,-69,-68,-69,-85,-87,-85
5,5,3,-86,-87,-89,-69,-66,-67,-88,-86,-83,-108,-120,-120,-89,-105,-89,-67,-67,-68,-84,-85,-86
5,5,2,-88,-85,-86,-68,-69,-68,-86,-87,-89,-92,-87,-87,,,,-73,-73,-74,-90,-106,-120
1,1,1,-104,-91,-91,-91,-90,-89,,,,,,,-82,-84,-84,,,,,,
5,5,3,-84,-86,-86,-71,-71,-70,-90,-106,-120,-89,-89,-90,,,,-68,-70,-72,-120,-120,-120
5,5,3,-84,-85,-85,-67,-67,-67,-84,-85,-84,-92,-90,-91,-88,-89,-89,-70,-69,-70,-87,-86,-87
5,5,3,-84,-86,-86,-72,-69,-67,-88,-91,-90,-84,-84,-83,,,,-71,-71,-72,-85,-87,-85
5,5,2,-86,-88,-85,-70,-75,-74,-89,-88,-88,-86,-87,-86,-85,-85,-87,-74,-75,-74,-87,-89,-88
5,5,3,-85,-83,-83,-68,-66,-67,-85,-86,-85,-91,-91,-90,-92,-108,-91,-70,-69,-69,-90,-88,-87
1,1,3,-91,-91,-91,-91,-93,-109,,,,,,,-84,-85,-83,,,,,,
5,5,2,-89,-105,-85,-69,-72,-88,-92,-89,-105,-87,-103,-119,-89,-105,-120,-81,-81,-81,-90,-106,-120
5,5,3,-84,-90,-84,-73,-70,-67,-90,-106,-120,-103,-88,-87,,,,-70,-71,-74,-120,-120,-92
5,5,3,-83,-83,-84,-69,-69,-69,-86,-86,-85,-120,-120,-120,-86,-93,-91,-70,-71,-71,-85,-85,-84
5,5,3,-85,-84,-84,-75,-75,-71,-88,-89,-89,-120,-120,-91,,,,-70,-70,-70,-90,-106,-120
5,5,3,-84,-86,-83,-70,-69,-68,-85,-86,-87,-91,-91,-91,-89,-91,-93,-69,-71,-72,-86,-85,-85
1,1,3,-76,-82,-87,-86,-91,-107,,,,-93,-109,-120,-68,-77,-80,-89,-91,-107,,,
5,5,2,-82,-87,-84,-69,-69,-67,-106,-120,-91,-103,-119,-89,-120,-120,-90,-80,-96,-78,-120,-120,-120
5,5,3,-88,-89,-88,-75,-73,-72,-86,-86,-85,-90,-92,-91,-104,-89,-90,-68,-69,-67,-85,-85,-84
1,1,2,-89,-85,-86,-108,-90,-86,,,,,,,-76,-74,-71,-87,-87,-85,,,
1,1,3,-81,-82,-82,-87,-88,-87,,,,,,,-68,-69,-72,-87,-87,-88,,,
1,1,3,-74,-75,-76,-78,-80,-80,-90,-90,-90,,,,-63,-64,-65,-84,-84,-86,,,
1,1,3,-77,-76,-76,-86,-85,-84,,,,,,,-70,-70,-70,-85,-85,-86,,,
1,1,1,-108,-90,-90,,,,,,,,,,-74,-73,-73,,,,,,
1,1,3,-77,-78,-74,-78,-79,-80,-120,-120,-120,-92,-92,-108,-63,-66,-64,-84,-83,-84,,,
1,1,3,-76,-75,-76,-88,-88,-88,-93,-109,-120,,,,-63,-62,-62,-88,-90,-89,-90,-90,-93
1,1,2,-77,-77,-76,-86,-85,-90,,,,-106,-120,-90,-69,-69,-73,-89,-89,-89,,,
1,1,3,-73,-72,-72,-80,-81,-81,-91,-89,-91,,,,-62,-62,-62,-83,-82,-83,,,
1,1,2,-79,-77,-77,-89,-91,-88,,,,,,,-72,-77,-79,-102,-118,-120,,,
1,1,3,-77,-77,-76,-82,-83,-82,,,,,,,-66,-67,-67,-88,-86,-84,-120,-120,-120
1,1,1,-85,-85,-89,-91,-91,-107,,,,,,,-75,-76,-79,-91,-107,-120,,,
1,1,3,-74,-75,-75,-79,-78,-79,-91,-90,-89,,,,-63,-60,-60,-80,-82,-82,,,
1,1,2,-74,-76,-77,-85,-86,-87,,,,,,,-69,-73,-71,-87,-88,-87,,,
1,1,3,-80,-79,-80,-91,-107,-120,,,,,,,-73,-72,-72,-107,-120,-120,,,
1,1,3,-76,-75,-76,-79,-79,-79,-90,-90,-92,,,,-61,-60,-62,-83,-84,-83,,,
1,1,2,-85,-90,-82,-90,-88,-89,,,,,,,-73,-73,-71,-86,-88,-88,,,
1,1,3,-81,-81,-79,-90,-90,-90,,,,,,,-76,-74,-73,-108,-90,-91,,,
1,1,3,-76,-77,-76,-78,-78,-79,-90,-106,-120,,,,-62,-60,-61,-83,-84,-84,,,
1,1,2,-73,-74,-74,-87,-89,-88,,,,,,,-71,-71,-72,-85,-87,-87,,,
1,1,3,-80,-79,-79,-89,-91,-89,,,,,,,-68,-68,-68,-107,-90,-88,-90,-90,-89
1,1,3,-75,-75,-75,-78,-79,-80,-90,-89,-90,,,,-61,-60,-61,-83,-85,-83,,,
1,1,3,-79,-77,-78,-79,-79,-79,-90,-91,-90,-90,-90,-88,-60,-60,-62,-85,-85,-85,,,
1,1,3,-76,-82,-80,-80,-81,-85,,,,,,,-66,-65,-64,-86,-88,-88,-91,-107,-120
1,1,2,-77,-82,-82,-90,-87,-87,,,,,,,-72,-69,-70,-85,-89,-87,,,
1,1,3,-76,-78,-80,-79,-78,-80,-105,-120,-120,,,,-59,-60,-61,-83,-82,-82,,,
1,1,1,-87,-85,-90,-120,-120,-120,,,,,,,-71,-71,-72,-93,-109,-120,,,
1,1,1,-77,-82,-84,,,,,,,,,,-86,-84,-83,,,,,,
1,1,2,-77,-75,-76,-91,-90,-88,,,,-90,-91,-107,-71,-71,-69,-89,-90,-90,,,
1,1,3,-75,-78,-75,-86,-86,-84,-120,-120,-120,,,,-65,-64,-66,-87,-87,-85,,,
1,1,3,-77,-77,-78,-78,-76,-77,-89,-89,-90,,,,-60,-62,-62,-83,-82,-81,,,
1,1,2,-82,-78,-78,-86,-88,-88,,,,,,,-71,-70,-69,-88,-87,-86,,,
1,1,3,-75,-74,-73,-88,-87,-87,,,,,,,-70,-69,-69,-88,-89,-90,,,
1,1,3,-83,-82,-82,-86,-84,-85,,,,,,,-85,-85,-85,-91,-88,-90,,,
1,1,3,-75,-74,-73,-88,-86,-86,,,,,,,-69,-68,-66,-90,-89,-88,,,
1,1,2,-82,-77,-76,-90,-94,-84,,,,,,,-70,-66,-66,-89,-88,-84,,,
1,1,2,-78,-76,-82,-87,-88,-81,,,,-91,-91,-93,-73,-76,-68,-85,-85,-86,,,
1,1,3,-77,-76,-74,-89,-81,-82,,,,,,,-67,-67,-65,-88,-86,-85,-120,-120,-120
1,1,2,-76,-76,-76,-85,-85,-85,,,,,,,-66,-66,-65,-89,-105,-91,,,
1,1,3,-76,-76,-77,-90,-89,-88,,,,,,,-61,-62,-60,-88,-87,-88,,,
1,1,3,-70,-69,-70,-83,-83,-83,-89,-89,-89,-91,-90,-106,-61,-61,-61,-79,-81,-81,-87,-88,-89
1,1,3,-73,-73,-72,-86,-86,-82,,,,,,,-62,-62,-64,-87,-87,-84,,,
1,1,2,-73,-71,-77,-79,-83,-82,,,,,,,-67,-67,-69,-88,-90,-86,,,
1,1,3,-78,-82,-79,,,,,,,,,,-75,-74,-74,-88,-89,-89,,,
1,1,3,-73,-74,-75,-84,-80,-85,-90,-89,-89,-110,-120,-120,-64,-64,-63,-81,-82,-83,-93,-90,-89
1,1,2,-75,-73,-77,-84,-92,-88,,,,,,,-68,-65,-65,-82,-85,-86,,,
1,1,3,-73,-75,-76,-78,-79,-82,,,,,,,-68,-69,-69,-86,-86,-86,-106,-120,-120
1,1,3,-70,-71,-71,-84,-84,-85,-88,-89,-91,,,,-63,-63,-63,-86,-82,-82,-107,-120,-120
1,1,3,-70,-69,-71,-81,-80,-80,,,,,,,-68,-71,-73,-86,-87,-86,,,
1,1,2,-78,-77,-77,-87,-89,-87,,,,,,,-68,-67,-65,-90,-106,-87,,,
1,1,3,-80,-80,-83,-120,-120,-120,,,,,,,-71,-72,-71,-108,-120,-89,,,
1,1,3,-76,-74,-69,-87,-81,-81,-92,-87,-88,-120,-93,-90,-62,-62,-59,-82,-82,-86,-120,-91,-91
1,1,2,-72,-76,-73,-85,-85,-86,,,,,,,-68,-68,-70,-88,-84,-83,,,
1,1,3,-76,-76,-76,-80,-78,-83,,,,,,,-73,-75,-76,-85,-87,-88,,,
1,1,3,-82,-80,-80,-91,-86,-88,,,,,,,-70,-69,-70,-91,-91,-91,,,
1,1,3,-69,-69,-70,-85,-85,-82,-90,-88,-87,-90,-106,-120,-60,-61,-62,-86,-84,-83,-106,-89,-90
1,1,2,-74,-72,-71,-87,-88,-88,,,,,,,-65,-69,-68,-86,-86,-88,,,
1,1,3,-70,-67,-65,-86,-87,-89,-91,-91,-87,,,,-67,-63,-61,-83,-83,-83,,,
1,1,3,-70,-69,-70,-86,-87,-85,-89,-89,-89,-120,-120,-91,-63,-63,-63,-82,-83,-84,,,
1,1,2,-80,-82,-72,-88,-87,-86,,,,,,,-75,-73,-71,-88,-104,-120,,,
1,1,3,-83,-83,-83,-105,-120,-120,,,,,,,-72,-72,-72,-90,-91,-91,,,
1,1,3,-70,-71,-70,-83,-82,-81,-120,-120,-120,,,,-66,-67,-68,-84,-83,-83,-90,-106,-90
1,1,3,-69,-69,-68,-82,-83,-81,-87,-87,-87,,,,-62,-62,-63,-85,-84,-84,,,
1,1,3,-81,-85,-85,-88,-92,-108,,,,,,,-73,-74,-74,-92,-108,-120,,,
1,1,3,-72,-72,-71,-83,-83,-83,,,,,,,-67,-66,-66,-85,-86,-86,-90,-89,-90
1,1,2,-73,-72,-73,-87,-87,-89,,,,,,,-71,-69,-69,-90,-88,-90,,,
1,1,3,-68,-68,-69,-82,-84,-82,-88,-88,-87,,,,-63,-64,-63,-83,-86,-83,,,
1,1,3,-85,-84,-81,-89,-89,-91,,,,,,,-73,-72,-72,-93,-93,-91,,,
1,1,2,-81,-86,-82,-87,-85,-84,,,,,,,-70,-68,-73,-88,-89,-91,,,
1,1,3,-68,-69,-70,-83,-84,-83,,,,,,,-77,-73,-71,-81,-83,-85,-120,-120,-120
1,1,3,-68,-70,-72,-83,-83,-83,-89,-89,-89,,,,-63,-63,-63,-82,-83,-83,-120,-120,-120
1,1,2,-77,-68,-88,-83,-86,-87,,,,-91,-91,-90,-65,-73,-73,-88,-93,-88,,,
3,3,2,,,,,,,-89,-89,-82,,,,-98,-90,-77,-92,-92,-90,,,
1,1,3,-71,-72,-72,-79,-83,-81,,,,,,,-67,-69,-70,-84,-87,-90,-91,-107,-120
1,1,3,-73,-72,-72,-82,-82,-84,-89,-89,-91,,,,-63,-64,-64,-82,-85,-86,,,
1,1,3,-74,-75,-73,-85,-86,-87,-120,-120,-120,-90,-90,-90,-68,-68,-68,-81,-82,-86,,,
1,1,2,-72,-73,-72,-84,-87,-88,,,,,,,-68,-68,-67,-84,-82,-80,,,
1,1,2,-65,-65,-74,-90,-87,-81,,,,,,,-77,-77,-78,-85,-83,-84,,,
1,1,3,-75,-72,-74,-81,-80,-82,,,,,,,-64,-66,-68,-85,-84,-88,,,
1,1,3,-72,-76,-75,-83,-85,-85,,,,,,,-69,-69,-69,-85,-85,-86,-93,-93,-109
3,3,1,,,,,,,-81,-82,-82,,,,-90,-90,-91,,,,,,
1,1,3,-69,-69,-70,-81,-83,-82,-89,-90,-89,-120,-120,-90,-63,-63,-63,-81,-81,-81,-93,-92,-90
1,1,2,-71,-69,-69,-88,-88,-88,,,,,,,-66,-65,-69,-120,-80,-84,,,
1,1,3,-81,-81,-79,-86,-90,-90,,,,,,,-74,-74,-72,-90,-106,-120,,,
1,1,3,-74,-74,-74,-88,-85,-81,,,,,,,-71,-74,-73,-85,-86,-87,,,
1,1,2,-73,-72,-75,-83,-89,-90,,,,,,,-73,-73,-71,-88,-87,-87,,,
1,1,3,-83,-80,-81,-90,-91,-91,,,,,,,-73,-74,-73,-109,-120,-120,,,
1,1,2,-74,-73,-70,-94,-91,-84,,,,,,,-71,-83,-75,-90,-91,-90,,,
1,1,3,-70,-70,-73,-86,-85,-85,,,,,,,-73,-71,-71,-89,-89,-85,-120,-120,-94
1,1,3,-73,-69,-70,-85,-84,-84,-105,-120,-90,-91,-90,-106,-68,-69,-68,-85,-86,-87,-89,-93,-89
1,1,3,-69,-68,-69,-85,-85,-84,-90,-90,-91,-120,-120,-120,-69,-68,-69,-86,-88,-86,-93,-92,-92
1,1,2,-69,-68,-70,-88,-89,-89,,,,-89,-91,-89,-73,-72,-74,-83,-83,-84,,,
1,1,3,-69,-67,-65,-83,-83,-82,-92,-87,-82,-88,-88,-88,-64,-65,-68,-82,-82,-84,-120,-120,-120
1,1,2,-78,-81,-72,-82,-83,-83,,,,-108,-90,-90,-88,-85,-75,-81,-79,-79,,,
1,1,3,-63,-64,-66,-83,-84,-83,-90,-106,-120,,,,-73,-74,-80,-80,-80,-88,,,
1,1,3,-71,-72,-74,-81,-80,-82,-84,-88,-87,-88,-88,-88,-68,-70,-67,-81,-81,-81,-90,-90,-90
1,1,3,-79,-78,-79,-91,-91,-90,,,,,,,-74,-73,-74,-82,-81,-81,,,
1,1,3,-64,-64,-65,-83,-83,-87,,,,,,,-82,-82,-84,-82,-81,-81,,,
1,1,2,-74,-75,-76,-87,-88,-104,,,,,,,-77,-77,-77,-82,-82,-82,,,
1,1,3,-73,-72,-71,-86,-83,-82,-85,-85,-88,-87,-87,-87,-68,-71,-69,-83,-83,-83,-120,-90,-91
1,1,3,-80,-78,-76,-90,-90,-91,,,,,,,-75,-75,-74,-85,-84,-85,,,
1,1,2,-66,-65,-68,-80,-83,-89,,,,-86,-87,-89,-68,-71,-70,-84,-91,-87,-91,-107,-120
1,1,3,-71,-69,-70,-87,-84,-81,-91,-91,-91,-89,-89,-105,-73,-69,-68,-88,-81,-81,-120,-120,-120
1,1,3,-75,-74,-74,-82,-83,-85,-87,-86,-86,-91,-90,-87,-67,-68,-67,-83,-84,-86,-90,-90,-106
1,1,3,-77,-80,-80,-93,-109,-120,,,,,,,-75,-75,-74,-87,-86,-86,,,
1,1,3,-71,-71,-71,-86,-88,-88,-120,-120,-120,,,,-67,-67,-67,-81,-81,-81,,,
1,1,2,-81,-80,-77,-89,-88,-86,,,,-89,-89,-91,-68,-69,-70,-120,-88,-85,,,
1,1,3,-79,-79,-78,-91,-90,-92,,,,,,,-75,-74,-75,-90,-89,-87,,,
1,1,3,-72,-72,-72,-83,-84,-84,-89,-90,-106,,,,-74,-73,-72,-80,-82,-84,,,
1,1,3,-73,-71,-71,-86,-84,-83,-85,-85,-89,-87,-88,-87,-69,-68,-67,-85,-83,-82,-120,-120,-120
1,1,3,-74,-72,-72,-88,-90,-88,,,,-107,-120,-120,-70,-69,-71,-88,-86,-91,-93,-91,-107
1,1,2,-67,-69,-69,-86,-91,-89,,,,-106,-120,-120,-68,-68,-70,-90,-89,-87,,,
1,1,3,-72,-68,-68,-84,-83,-85,-85,-84,-84,-91,-89,-86,-67,-66,-67,-81,-81,-82,,,
1,1,3,-75,-79,-79,-86,-85,-88,-108,-90,-89,-91,-107,-120,-74,-73,-71,-88,-86,-86,,,
1,1,2,-80,-79,-82,-83,-89,-89,,,,-108,-120,-120,-73,-76,-75,-88,-89,-105,,,
1,1,3,-80,-81,-79,,,,,,,,,,-76,-78,-78,-85,-88,-86,,,
1,1,3,-66,-65,-69,-83,-82,-82,-83,-90,-106,-89,-89,-90,-68,-66,-69,-80,-81,-81,-107,-120,-90
1,1,3,-73,-73,-75,-84,-85,-87,-91,-107,-120,-92,-108,-120,-71,-72,-74,-83,-84,-86,-88,-90,-106
1,1,2,-80,-78,-75,-88,-90,-85,,,,,,,-74,-73,-70,-88,-88,-87,,,
1,1,3,-69,-70,-70,-83,-84,-83,-88,-85,-88,-120,-90,-90,-66,-63,-67,-80,-79,-79,-88,-88,-89
1,1,3,-82,-83,-79,-91,-91,-92,,,,,,,-76,-76,-77,-88,-86,-85,,,
1,1,2,-77,-78,-80,-90,-86,-90,,,,,,,-68,-68,-67,-85,-86,-90,,,
3,3,1,,,,,,,-120,-120,-120,,,,-120,-120,-120,,,,,,
1,1,3,-68,-71,-70,-85,-84,-83,-82,-84,-82,-120,-120,-120,-67,-66,-66,-78,-80,-80,-88,-89,-90
1,1,3,-81,-82,-81,-90,-91,-107,,,,,,,-76,-77,-77,-83,-83,-84,,,
1,1,3,-75,-78,-76,-86,-86,-85,-120,-120,-89,,,,-75,-77,-76,-87,-85,-83,-89,-89,-90
1,1,2,-81,-82,-85,-83,-88,-92,,,,,,,-70,-72,-70,-90,-106,-120,,,
1,1,3,-73,-73,-74,-90,-90,-91,,,,,,,-72,-76,-75,-86,-90,-84,-106,-120,-120
1,1,2,-79,-79,-81,-85,-84,-84,,,,,,,-78,-81,-79,-86,-84,-86,-120,-120,-120
1,1,3,-67,-67,-67,-84,-86,-86,-89,-82,-80,,,,-68,-66,-65,-79,-79,-80,-120,-91,-89
1,1,3,-76,-77,-76,-88,-87,-87,-120,-120,-120,,,,-69,-67,-69,-83,-81,-83,,,
1,1,3,-68,-67,-67,-84,-84,-83,-86,-86,-88,-88,-89,-89,-65,-65,-66,-77,-78,-81,-90,-88,-89
1,1,2,-80,-76,-76,-90,-91,-91,,,,,,,-75,-76,-70,-92,-88,-88,-120,-120,-120
7,7,3,,,,-88,-92,-90,-88,-90,-89,-119,-89,-88,,,,-89,-90,-90,,,
3,3,2,,,,-87,-87,-103,-89,-91,-87,-91,-107,-120,-80,-80,-78,-82,-88,-88,,,
3,3,3,-120,-120,-120,-88,-90,-106,-78,-76,-78,-120,-93,-90,-73,-72,-72,-79,-79,-80,,,
3,3,1,,,,,,,-105,-88,-88,,,,-94,-110,-120,,,,,,
3,3,2,-92,-92,-108,-89,-91,-89,-91,-92,-108,-90,-90,-90,-79,-81,-82,-79,-78,-79,,,
3,3,3,-105,-120,-120,-88,-90,-106,-79,-82,-82,-120,-120,-91,-82,-82,-89,-79,-82,-89,,,
3,3,3,,,,-90,-90,-90,-82,-83,-83,-89,-89,-89,-83,-83,-82,-86,-84,-83,,,
5,3,2,-108,-120,-120,-91,-92,-90,-89,-88,-90,-107,-120,-120,-82,-84,-83,-78,-78,-80,,,
2,3,2,-120,-120,-120,-87,-88,-89,-84,-84,-84,-87,-88,-104,-73,-73,-72,-81,-80,-85,,,
3,3,3,-88,-89,-89,-87,-85,-86,-80,-79,-78,-120,-120,-120,-75,-72,-69,-82,-82,-82,,,
3,3,3,-93,-94,-110,-87,-89,-85,-80,-77,-77,-120,-120,-120,-71,-72,-71,-77,-77,-79,,,
3,3,3,,,,-88,-88,-88,-76,-74,-76,-88,-91,-88,-71,-71,-71,-79,-80,-77,,,
3,3,2,,,,-120,-94,-110,-92,-90,-85,-89,-105,-120,-78,-79,-83,-83,-83,-84,,,
3,3,3,,,,-86,-86,-87,-75,-77,-77,-89,-89,-89,-71,-71,-71,-82,-84,-84,,,
3,3,3,-88,-89,-105,-88,-86,-86,-75,-75,-77,-87,-88,-88,-72,-74,-73,-82,-82,-83,,,
3,3,2,-91,-91,-107,-106,-89,-87,-91,-107,-120,-91,-88,-94,-79,-75,-75,-84,-82,-81,,,
3,3,3,-120,-120,-120,-87,-88,-89,-76,-74,-74,-86,-85,-85,-75,-76,-75,-83,-82,-81,,,
3,3,3,-120,-120,-120,-89,-90,-92,-75,-75,-76,-90,-89,-90,-74,-74,-75,-85,-85,-86,,,
3,3,2,-120,-120,-120,-106,-120,-120,-88,-88,-85,-120,-120,-120,-76,-77,-76,-84,-84,-85,,,
3,3,3,,,,-87,-87,-88,-74,-75,-75,-85,-85,-84,-76,-76,-73,-77,-77,-76,,,
3,3,3,,,,-88,-89,-90,-78,-80,-84,-90,-106,-120,-76,-77,-77,-80,-80,-81,,,
5,3,2,,,,-90,-106,-89,-90,-90,-86,,,,-80,-79,-83,-79,-79,-81,,,
2,2,1,-87,-86,-86,-90,-90,-106,,,,,,,,,,-88,-87,-89,,,
3,3,3,-120,-120,-120,-85,-84,-86,-75,-75,-76,-84,-84,-86,-73,-72,-73,-81,-81,-79,,,
3,3,3,,,,-89,-90,-90,-77,-79,-78,-92,-89,-90,-72,-71,-71,-75,-75,-74,,,
3,3,3,,,,-85,-85,-81,-74,-76,-77,-87,-87,-91,-73,-72,-73,-79,-78,-78,,,
3,3,3,-105,-89,-90,-87,-89,-89,-76,-76,-75,-84,-83,-83,-72,-73,-72,-79,-79,-78,,,
3,3,3,-85,-85,-85,-90,-88,-87,-73,-74,-75,-90,-90,-91,-73,-73,-73,-75,-75,-76,,,
2,3,2,-120,-120,-120,-91,-88,-89,-90,-90,-89,,,,-78,-82,-83,-83,-82,-81,,,
3,3,3,-106,-90,-89,-87,-86,-87,-75,-75,-75,-83,-85,-84,-72,-71,-72,-79,-79,-79,,,
3,3,3,-91,-90,-106,-84,-84,-86,-75,-75,-74,-85,-86,-85,-73,-73,-73,-80,-80,-82,-91,-91,-107
3,3,3,-88,-88,-88,-90,-89,-89,-78,-77,-77,-92,-108,-120,-73,-76,-77,-78,-77,-78,,,
5,3,2,-120,-120,-93,-90,-89,-90,-104,-89,-91,-120,-120,-120,-78,-77,-77,-79,-80,-78,,,
3,3,3,-91,-92,-108,-88,-88,-89,-83,-85,-85,-91,-107,-120,-76,-75,-75,-87,-88,-88,,,
3,3,2,,,,-120,-120,-89,-79,-79,-78,-120,-88,-89,-78,-78,-78,-89,-89,-89,,,
3,3,3,-120,-88,-89,-84,-83,-84,-74,-74,-74,-82,-84,-83,-73,-73,-73,-84,-83,-84,,,
3,3,3,-92,-92,-90,-90,-89,-88,-75,-78,-80,-91,-91,-91,-75,-76,-77,-88,-90,-89,,,
4,3,3,-90,-91,-107,-89,-86,-86,-81,-80,-82,-91,-107,-91,-76,-78,-78,-79,-79,-77,,,
3,3,3,-120,-120,-120,-86,-86,-84,-76,-76,-77,-84,-84,-85,-73,-72,-73,-82,-84,-81,,,
1,3,2,-90,-90,-106,-92,-93,-109,-120,-120,-120,-92,-91,-107,-84,-79,-77,-88,-83,-85,,,
3,3,3,-89,-105,-120,-88,-89,-87,-78,-78,-78,,,,-80,-77,-78,-83,-82,-84,,,
3,3,3,-120,-120,-120,-84,-86,-87,-75,-75,-74,-84,-85,-84,-71,-73,-73,-78,-79,-80,,,
3,3,3,-88,-89,-105,-96,-90,-90,-79,-77,-77,,,,-77,-75,-76,-83,-85,-86,,,
3,3,3,-90,-90,-90,-84,-87,-87,-77,-76,-77,-85,-87,-88,-71,-71,-72,-78,-80,-81,,,
3,3,3,-87,-86,-86,-104,-120,-88,-80,-83,-82,,,,-76,-79,-79,-86,-89,-87,,,
3,3,3,-120,-120,-120,-120,-89,-89,-77,-76,-76,-91,-92,-108,-73,-73,-72,-75,-77,-77,,,
3,3,2,-93,-109,-120,-92,-92,-90,-79,-79,-81,-120,-88,-88,-77,-77,-76,-84,-86,-88,,,
6,6,1,,,,-85,-85,-85,,,,,,,,,,,,,-91,-91,-92
3,3,3,-92,-93,-109,-84,-84,-86,-76,-77,-77,-89,-87,-88,-71,-71,-71,-80,-80,-80,,,
3,3,3,-87,-87,-86,,,,-81,-82,-82,,,,-76,-77,-79,-84,-85,-85,,,
3,3,3,,,,-90,-89,-89,-78,-77,-79,-93,-93,-109,-71,-71,-71,-76,-77,-77,,,
3,3,2,,,,-88,-89,-105,-80,-83,-83,-106,-120,-120,-77,-74,-75,-90,-93,-87,,,
3,3,3,-120,-120,-120,-83,-86,-84,-74,-74,-77,-88,-88,-87,-71,-71,-72,-82,-82,-81,,,
3,3,2,,,,-92,-92,-89,-87,-87,-77,-108,-120,-120,-76,-78,-94,-86,-85,-101,,,
3,3,3,-120,-120,-120,-84,-85,-88,-79,-77,-76,-90,-84,-83,-72,-77,-77,-72,-73,-80,,,
3,3,3,-120,-120,-120,-89,-90,-106,-80,-80,-82,-90,-106,-120,-79,-83,-83,-89,-87,-87,,,
3,3,3,,,,-90,-92,-92,-69,-68,-69,-90,-90,-91,-70,-70,-69,-86,-85,-86,,,
3,3,3,-92,-90,-106,-86,-86,-87,-77,-77,-77,-88,-90,-89,-73,-72,-73,-90,-90,-91,,,
3,3,2,,,,,,,-76,-82,-81,-109,-90,-106,-78,-76,-75,-93,-93,-88,,,
3,3,3,,,,-85,-87,-88,-67,-67,-69,-86,-87,-92,-69,-70,-69,-85,-83,-83,,,
3,3,2,,,,-92,-92,-91,-77,-76,-75,-88,-92,-88,-79,-80,-83,-88,-87,-88,,,
3,3,3,-120,-120,-120,-85,-85,-87,-74,-75,-74,-85,-85,-85,-72,-72,-72,-91,-91,-90,,,
3,3,3,-90,-91,-107,-87,-86,-88,-71,-75,-71,-87,-87,-88,-71,-71,-71,-83,-85,-87,,,
3,3,2,-92,-92,-90,-89,-90,-92,-78,-81,-81,-92,-108,-120,-80,-82,-81,-89,-89,-89,,,
3,3,3,-120,-120,-120,-88,-86,-83,-73,-73,-73,-85,-86,-87,-73,-73,-73,-91,-90,-106,,,
3,3,3,-90,-106,-120,-90,-90,-89,-78,-73,-75,-84,-88,-90,-72,-71,-71,-87,-87,-87,,,
3,3,2,,,,,,,-74,-74,-74,-106,-120,-120,-76,-76,-75,-92,-108,-94,,,
3,3,3,,,,-91,-90,-90,-73,-74,-78,-87,-89,-92,-70,-71,-72,-86,-85,-85,,,
3,3,2,,,,,,,-73,-74,-73,-87,-87,-86,-74,-74,-73,,,,,,
3,3,3,-120,-120,-120,,,,-71,-75,-75,-120,-120,-90,-72,-73,-72,-86,-83,-83,,,
3,3,3,,,,-89,-89,-105,-73,-72,-72,-85,-84,-85,-71,-72,-70,-88,-87,-88,,,
3,3,2,-89,-93,-109,-93,-91,-93,-80,-83,-84,-87,-85,-87,-76,-78,-77,-88,-92,-87,,,
3,3,3,,,,-120,-90,-89,-76,-76,-78,-88,-91,-91,-80,-82,-84,-88,-90,-87,,,
3,3,3,,,,-94,-110,-120,-72,-75,-75,-89,-88,-85,-70,-70,-70,-86,-86,-86,,,
3,3,2,,,,-93,-93,-109,-81,-80,-81,-120,-120,-120,-84,-77,-73,-90,-90,-84,,,
3,3,3,,,,,,,-80,-77,-76,,,,-79,-79,-78,-87,-87,-86,,,
3,3,3,,,,-94,-94,-92,-74,-76,-77,-120,-120,-120,-76,-78,-78,-89,-91,-91,,,
3,3,3,,,,-91,-91,-107,-75,-76,-72,-90,-92,-88,-70,-70,-70,-85,-86,-85,,,
3,3,3,-89,-88,-104,,,,-75,-76,-76,-90,-106,-120,-78,-77,-77,-87,-87,-88,,,
3,3,2,-120,-120,-89,,,,-81,-84,-81,-120,-120,-120,-75,-75,-78,-84,-89,-88,,,
3,3,3,,,,-107,-91,-90,-77,-75,-73,-88,-88,-88,-71,-70,-71,-88,-88,-86,,,
3,3,3,-120,-120,-120,-120,-120,-90,-77,-74,-74,-85,-87,-88,-71,-71,-72,-84,-85,-86,,,
3,3,3,,,,-93,-94,-110,-81,-79,-78,-107,-90,-106,-79,-81,-80,-84,-87,-85,,,
3,3,2,-120,-120,-120,,,,-78,-82,-87,-89,-90,-106,-82,-84,-87,-90,-91,-107,,,
3,3,3,,,,-105,-120,-92,-77,-77,-76,-93,-88,-90,-72,-73,-73,-87,-86,-86,,,
3,3,3,,,,-107,-91,-90,-74,-76,-75,-92,-108,-93,-71,-72,-72,-88,-85,-87,,,
3,3,3,,,,-90,-90,-106,-76,-77,-77,-91,-91,-107,-80,-80,-80,-85,-89,-88,,,
3,3,2,,,,-120,-120,-120,-77,-74,-80,-89,-89,-89,-82,-84,-90,-89,-90,-91,,,
3,3,3,-90,-90,-90,-95,-111,-120,-77,-74,-73,-107,-120,-120,-79,-76,-76,-88,-89,-90,,,
3,3,3,,,,-90,-88,-88,-78,-77,-77,-87,-88,-88,-76,-77,-77,-90,-91,-107,,,
3,3,2,,,,,,,-78,-78,-77,-120,-120,-120,-82,-86,-80,-120,-120,-120,,,
3,3,3,,,,-90,-106,-87,-72,-72,-73,-88,-90,-89,-69,-69,-69,-85,-86,-84,,,
3,3,3,-94,-91,-107,-90,-87,-86,-82,-71,-68,-92,-88,-86,-81,-80,-78,-88,-87,-85,-95,-95,-111
3,3,3,-108,-120,-93,-85,-86,-87,-76,-73,-74,-87,-86,-86,-71,-72,-72,-82,-80,-81,-106,-92,-90
3,3,2,-91,-91,-94,,,,-78,-79,-81,-87,-86,-86,-80,-80,-82,-86,-85,-84,,,
3,3,3,-91,-91,-93,-91,-107,-91,-74,-74,-73,-87,-88,-87,-78,-77,-79,-89,-88,-89,,,
6,6,1,,,,-83,-83,-85,,,,,,,,,,,,,-89,-89,-89
3,3,3,-89,-89,-88,-86,-87,-90,-76,-76,-77,-82,-85,-88,-72,-73,-72,-83,-81,-81,-91,-107,-120
3,3,3,-88,-89,-89,-89,-91,-90,-72,-71,-72,-88,-85,-85,-74,-72,-72,-85,-84,-83,,,
3,3,3,-92,-93,-109,-87,-86,-84,-74,-75,-73,-89,-88,-89,-74,-77,-76,-88,-88,-87,,,
3,3,2,,,,-120,-89,-105,-87,-84,-86,-86,-86,-86,-84,-79,-78,-84,-84,-84,,,
3,3,3,-120,-90,-90,-87,-87,-88,-73,-74,-73,-86,-84,-87,-72,-71,-72,-82,-82,-81,,,
3,3,3,,,,-85,-87,-89,-73,-73,-74,-88,-88,-88,-75,-75,-76,-106,-90,-89,,,
3,3,2,,,,-89,-105,-91,-86,-82,-84,-90,-90,-89,-85,-83,-77,-85,-88,-87,,,
3,3,3,-88,-86,-87,-105,-91,-107,-81,-80,-81,-90,-90,-106,-80,-79,-78,-87,-84,-85,,,
3,3,3,-91,-90,-92,-88,-88,-90,-75,-76,-76,-84,-84,-87,-71,-72,-73,-82,-83,-81,-120,-92,-91
3,3,3,-91,-91,-90,-89,-89,-89,-83,-86,-86,-108,-120,-120,-78,-78,-78,-87,-87,-87,,,
3,3,3,-89,-105,-120,-88,-86,-88,-82,-82,-79,-120,-120,-120,-84,-82,-82,-86,-86,-86,,,
3,3,2,,,,,,,-75,-76,-75,-89,-89,-90,-87,-87,-82,-88,-88,-88,,,
2,2,1,-85,-86,-86,-90,-106,-120,,,,,,,,,,-88,-88,-90,,,
3,3,3,-89,-89,-88,-89,-89,-89,-75,-74,-74,-86,-86,-87,-76,-74,-73,-81,-82,-83,,,
3,3,3,,,,-120,-120,-90,-80,-81,-81,,,,-80,-79,-79,-89,-87,-85,,,
3,3,3,-89,-90,-89,-87,-89,-93,-82,-78,-83,,,,-83,-84,-84,-86,-86,-89,,,
3,3,2,,,,,,,-80,-78,-78,-104,-88,-91,-82,-85,-79,-101,-89,-90,,,
3,3,3,-88,-90,-92,-89,-88,-88,-72,-72,-72,-89,-89,-89,-76,-72,-72,-82,-83,-83,,,
3,3,3,-120,-90,-89,-91,-91,-90,-78,-80,-82,,,,-84,-83,-83,-88,-88,-86,,,
3,3,2,,,,-88,-87,-87,-82,-82,-81,-90,-88,-88,-78,-78,-76,-88,-88,-88,,,
3,3,3,-91,-107,-88,-85,-85,-85,-77,-78,-78,,,,-74,-74,-74,-91,-91,-87,,,
3,3,3,-93,-93,-89,-87,-88,-90,-74,-74,-73,-88,-90,-91,-74,-72,-73,-83,-83,-82,,,
3,3,3,-91,-91,-90,-91,-92,-90,-76,-78,-78,,,,-83,-82,-82,-89,-89,-88,,,
3,3,3,,,,-89,-84,-84,-78,-78,-79,-109,-120,-120,-73,-72,-72,-85,-84,-84,,,
3,3,2,,,,-91,-89,-87,-84,-84,-84,-90,-106,-120,-76,-76,-75,-88,-87,-90,,,
3,3,3,-89,-89,-89,-86,-86,-87,-78,-78,-79,-89,-89,-88,-75,-74,-75,-83,-84,-84,-89,-89,-90
3,3,3,-106,-92,-92,,,,-79,-81,-80,,,,-84,-82,-81,-91,-94,-86,,,
3,3,3,-90,-90,-106,-88,-90,-88,-78,-76,-73,-88,-89,-88,-74,-74,-73,-83,-81,-83,-120,-93,-109
3,3,3,,,,-90,-88,-85,-77,-75,-76,-89,-92,-108,-74,-72,-72,-86,-86,-85,,,
3,3,2,-112,-120,-120,-90,-106,-120,-84,-80,-77,-89,-89,-93,-76,-78,-77,-90,-106,-89,,,
3,3,3,-90,-90,-91,-120,-120,-90,-75,-77,-79,,,,-81,-82,-83,-90,-89,-89,,,
3,3,3,-120,-120,-120,-84,-82,-82,-84,-79,-77,-108,-120,-120,-73,-73,-73,-83,-84,-85,,,
3,3,3,-91,-90,-92,-88,-89,-89,-73,-74,-74,-88,-88,-87,-76,-73,-75,-82,-85,-85,,,
6,6,1,,,,-84,-84,-84,,,,,,,,,,,,,-88,-88,-90
3,3,3,-89,-90,-106,,,,-77,-78,-84,,,,-83,-82,-81,-89,-86,-88,,,
3,3,2,,,,-92,-87,-89,-76,-76,-74,-89,-89,-89,-76,-77,-77,-103,-88,-87,,,
3,3,3,-91,-91,-91,-88,-88,-89,-72,-75,-73,-87,-89,-87,-73,-74,-72,-83,-83,-83,-120,-91,-90
3,3,3,-106,-120,-89,-120,-120,-90,-77,-80,-82,,,,-80,-82,-81,-85,-87,-88,,,
3,3,3,-88,-89,-89,-85,-84,-85,-71,-71,-71,-87,-87,-87,-75,-75,-75,-87,-87,-88,,,
3,3,2,-109,-120,-120,-89,-89,-90,-82,-83,-85,-94,-110,-95,-80,-80,-80,-87,-91,-88,,,
3,3,3,,,,-120,-120,-120,-81,-80,-78,,,,-83,-82,-82,-88,-88,-88,,,
3,3,3,-91,-90,-89,-89,-88,-88,-74,-73,-73,-88,-91,-90,-73,-73,-73,-83,-83,-84,,,
1,2,3,-77,-79,-79,-84,-85,-83,-85,-86,-86,-92,-108,-120,-77,-78,-77,-80,-78,-79,-88,-88,-86
1,2,3,-70,-70,-70,-77,-77,-81,-89,-88,-90,-85,-86,-88,-72,-72,-73,-75,-76,-78,-92,-87,-86
2,2,2,-78,-78,-78,-88,-85,-85,-120,-120,-120,-120,-120,-90,-83,-85,-86,-77,-77,-77,-90,-90,-90
2,2,3,-80,-81,-80,-80,-81,-77,-89,-90,-91,-90,-106,-90,-84,-84,-82,-77,-79,-82,-92,-91,-87
2,2,1,-84,-84,-85,-107,-92,-108,,,,,,,-91,-90,-91,-87,-87,-83,,,
1,2,3,-72,-71,-71,-79,-80,-81,,,,-88,-86,-86,-71,-72,-72,-77,-75,-77,-87,-86,-87
5,2,1,-85,-85,-83,-87,-88,-87,,,,,,,-107,-90,-89,-88,-89,-86,,,
1,2,3,-78,-74,-73,-82,-83,-84,-87,-87,-89,-89,-91,-89,-75,-74,-73,-79,-79,-80,-90,-90,-88
2,2,2,-85,-81,-81,-120,-89,-86,,,,-120,-120,-92,-87,-75,-76,-91,-85,-82,-90,-90,-90
2,2,3,-79,-79,-79,-83,-80,-80,-90,-87,-88,-91,-91,-95,-81,-82,-83,-76,-77,-78,-88,-88,-91
2,2,1,-87,-88,-87,-120,-120,-120,,,,,,,-90,-90,-106,-88,-88,-90,,,
1,2,3,-70,-71,-72,-79,-80,-82,-106,-91,-90,-86,-86,-84,-72,-71,-70,-75,-74,-74,-84,-85,-92
2,2,1,-86,-87,-86,-93,-109,-120,,,,,,,-107,-120,-120,-86,-87,-87,,,
2,2,3,-81,-80,-79,-86,-86,-87,-94,-94,-89,,,,-83,-94,-87,-78,-79,-80,-107,-120,-92
2,2,3,-81,-81,-81,-87,-88,-89,,,,,,,-80,-81,-80,-79,-80,-81,,,
2,2,2,-80,-80,-86,-83,-85,-83,,,,-120,-120,-92,-84,-83,-79,-77,-76,-74,-120,-93,-91
1,2,3,-71,-71,-70,-79,-80,-78,-89,-90,-106,-87,-91,-87,-71,-72,-72,-75,-74,-75,-86,-88,-87
2,2,3,-79,-79,-78,-84,-85,-86,-92,-92,-94,,,,-82,-86,-87,-79,-78,-78,-120,-120,-120
1,2,3,-77,-77,-77,-82,-83,-84,,,,,,,-74,-74,-75,-85,-84,-84,-93,-91,-89
2,2,2,-83,-81,-82,-84,-84,-85,,,,-93,-93,-89,-89,-85,-79,-75,-77,-78,-88,-89,-88
1,2,3,-71,-70,-72,-80,-80,-79,-91,-91,-89,-85,-86,-84,-71,-71,-72,-75,-74,-75,-89,-91,-85
5,2,3,-80,-84,-81,-78,-80,-82,-120,-91,-90,-88,-89,-89,-86,-88,-85,-79,-84,-85,-90,-92,-90
2,2,2,-74,-76,-77,-80,-78,-76,-91,-94,-110,-120,-120,-92,-76,-77,-83,-81,-77,-77,-94,-89,-89
2,2,3,-76,-74,-74,-85,-86,-88,-90,-106,-120,-90,-88,-86,-79,-85,-86,-74,-75,-77,-106,-120,-91
5,2,3,-83,-81,-80,-81,-81,-83,-92,-91,-107,-89,-90,-90,-80,-83,-84,-81,-82,-81,-88,-88,-88
1,2,3,-70,-72,-72,-80,-80,-78,-91,-89,-89,-88,-91,-88,-73,-74,-72,-76,-78,-81,-85,-86,-88
2,2,3,-77,-80,-81,-85,-87,-88,-91,-107,-120,-86,-89,-92,-80,-78,-80,-78,-77,-77,-89,-89,-89
2,2,3,-82,-81,-80,-83,-83,-83,-90,-92,-89,-90,-91,-107,-82,-83,-84,-76,-80,-77,,,
2,2,1,-83,-83,-84,,,,,,,,,,,,,-90,-89,-88,,,
2,2,2,-81,-85,-80,-85,-84,-88,,,,-89,-87,-87,-79,-79,-80,-83,-83,-82,-120,-120,-120
2,2,3,-76,-76,-78,-83,-82,-82,-89,-89,-89,-90,-106,-120,-77,-77,-78,-76,-75,-75,-88,-89,-89
5,2,3,-77,-85,-85,-83,-83,-84,-91,-91,-107,-91,-91,-90,-83,-82,-83,-77,-77,-79,,,
1,2,3,-72,-71,-71,-78,-77,-76,-89,-91,-107,-84,-84,-87,-74,-73,-72,-74,-73,-72,-82,-82,-87
2,2,2,-78,-77,-76,-86,-87,-87,,,,-120,-120,-120,-81,-82,-82,-82,-76,-75,-120,-120,-88
2,2,1,-87,-87,-88,-89,-90,-88,,,,,,,,,,-91,-89,-88,,,
2,2,3,-83,-79,-78,-80,-84,-85,-91,-86,-88,-104,-91,-107,-84,-86,-86,-77,-81,-79,-120,-90,-91
2,2,3,-73,-75,-75,-83,-85,-81,-120,-120,-90,-120,-120,-89,-80,-80,-79,-84,-80,-78,-93,-91,-92
2,2,2,-85,-85,-78,-86,-84,-82,,,,-87,-89,-105,-86,-87,-82,-78,-80,-79,,,
2,2,3,-77,-77,-78,-80,-81,-84,-87,-87,-87,-88,-89,-90,-85,-85,-88,-85,-85,-85,-88,-90,-93
1,2,1,-85,-84,-85,-91,-107,-120,,,,,,,-107,-120,-93,-93,-90,-90,,,
1,2,3,-77,-72,-72,-79,-79,-79,-91,-89,-105,-86,-85,-86,-73,-72,-72,-74,-73,-74,-84,-83,-84
1,2,2,-75,-76,-78,-83,-80,-83,-88,-88,-87,-91,-89,-92,-80,-79,-77,-77,-79,-74,-90,-86,-87
1,2,3,-78,-79,-73,-81,-79,-81,-120,-120,-94,-120,-89,-87,-77,-78,-78,-82,-81,-81,-87,-84,-83
1,2,3,-78,-80,-78,-83,-80,-81,-89,-89,-89,-92,-108,-120,-85,-85,-85,-82,-85,-86,-90,-90,-90
1,2,3,-72,-72,-72,-82,-82,-83,,,,-92,-90,-88,-76,-75,-74,-80,-80,-79,-120,-120,-93
2,2,3,-79,-77,-74,-80,-80,-79,-120,-120,-120,-89,-92,-91,-79,-79,-77,-79,-81,-80,-93,-91,-89
2,2,1,-88,-88,-87,-90,-92,-93,,,,,,,,,,-90,-85,-83,,,
2,2,2,-85,-81,-78,-84,-86,-85,,,,,,,-81,-78,-84,-77,-79,-75,-107,-93,-89
2,2,3,-72,-71,-71,-81,-86,-85,-90,-90,-106,-86,-86,-86,-85,-85,-87,-77,-80,-80,-94,-92,-88
2,2,3,-79,-76,-75,-77,-78,-79,-90,-91,-107,-89,-89,-89,-76,-77,-75,-78,-79,-75,,,
1,2,2,-77,-74,-84,-91,-82,-84,,,,-91,-91,-89,-86,-85,-84,-76,-76,-75,-103,-92,-89
2,2,3,-75,-74,-74,-82,-81,-80,-107,-120,-120,-89,-90,-88,-82,-79,-81,-77,-78,-80,-91,-89,-90
2,2,1,-89,-89,-90,-88,-88,-88,,,,,,,,,,-86,-88,-89,,,
2,2,3,-76,-76,-72,-79,-79,-78,-90,-90,-90,-90,-91,-107,-88,-89,-86,-78,-77,-77,-120,-120,-120
2,2,2,-82,-83,-85,-81,-82,-82,,,,,,,-82,-85,-84,-84,-88,-82,-89,-87,-87
2,2,3,-74,-75,-75,-82,-82,-83,,,,-105,-90,-89,-73,-77,-77,-74,-74,-74,-90,-90,-90
2,2,3,-72,-72,-72,-85,-80,-78,,,,-90,-89,-90,-79,-81,-80,-74,-75,-76,-91,-89,-93
1,2,3,-75,-76,-73,-80,-83,-83,,,,-91,-91,-91,-78,-77,-77,-82,-81,-81,-91,-90,-94
1,2,2,-75,-72,-75,-78,-79,-83,,,,-88,-84,-85,-91,-79,-80,-86,-85,-79,-92,-87,-88
2,2,2,-79,-75,-73,-79,-80,-80,-120,-120,-120,-87,-89,-87,-85,-80,-80,-91,-87,-83,-86,-87,-88
2,2,3,-71,-71,-71,-80,-80,-80,-89,-91,-90,-92,-91,-107,-77,-77,-79,-75,-76,-73,-87,-88,-88
2,2,3,-74,-75,-78,-81,-83,-84,-107,-120,-120,-120,-120,-120,-82,-82,-82,-78,-79,-79,-90,-106,-120
1,2,3,-75,-75,-75,-80,-81,-84,,,,-85,-85,-85,-74,-78,-78,-81,-80,-80,-86,-85,-86
1,2,3,-72,-72,-71,-77,-79,-78,-120,-120,-120,-88,-88,-89,-82,-85,-84,-78,-80,-80,-106,-120,-90
2,2,2,-76,-77,-84,-86,-91,-91,-120,-120,-120,-120,-120,-120,-88,-87,-89,-87,-80,-81,-120,-120,-120
1,2,3,-77,-81,-80,-82,-83,-84,-106,-92,-90,-89,-92,-108,-80,-80,-79,-74,-74,-75,-92,-92,-91
2,2,2,-77,-78,-78,-78,-77,-77,-90,-106,-120,-87,-88,-89,-86,-87,-87,-83,-81,-79,-91,-91,-107
1,2,3,-71,-73,-75,-78,-76,-78,-86,-87,-87,-87,-85,-87,-77,-78,-79,-77,-78,-81,-88,-89,-90
1,2,3,-74,-74,-73,-82,-81,-81,-90,-106,-91,-91,-91,-90,-73,-72,-73,-88,-86,-82,-92,-92,-91
2,2,3,-71,-73,-72,-82,-81,-77,-120,-120,-120,-89,-92,-90,-75,-78,-79,-75,-75,-73,-89,-88,-90
2,2,2,-72,-70,-70,-80,-81,-81,-89,-89,-105,-91,-90,-91,-81,-80,-77,-78,-77,-77,-90,-90,-89
2,2,1,-89,-89,-94,-88,-88,-91,,,,,,,-89,-90,-91,-87,-87,-90,,,
2,2,3,-85,-85,-87,-86,-88,-85,-120,-120,-120,-90,-89,-90,-82,-82,-83,-81,-81,-77,-86,-87,-87
1,2,3,-71,-71,-72,-79,-79,-80,,,,-87,-87,-87,-74,-73,-74,-79,-81,-79,-90,-90,-89
2,2,1,-83,-84,-82,-90,-106,-90,,,,,,,,,,-90,-90,-90,,,
2,2,3,-78,-80,-80,-85,-82,-81,,,,-109,-120,-120,-81,-84,-83,-79,-74,-76,-88,-87,-88
2,2,1,-87,-88,-89,-90,-92,-89,,,,,,,-106,-91,-91,-87,-90,-91,,,
2,2,3,-83,-84,-85,-88,-86,-88,-107,-120,-120,-90,-90,-89,-84,-84,-85,-79,-80,-81,-120,-89,-87
1,2,3,-68,-70,-72,-78,-79,-80,-90,-106,-120,-90,-96,-90,-75,-79,-78,-76,-81,-79,-85,-91,-91
2,2,3,-72,-72,-72,-80,-79,-79,-90,-90,-90,-89,-86,-85,-80,-79,-80,-76,-78,-77,-90,-86,-86
1,2,2,-71,-72,-72,-81,-81,-80,,,,-89,-90,-106,-79,-81,-80,-78,-78,-77,-84,-86,-84
2,2,3,-70,-70,-71,-83,-80,-83,-91,-89,-90,-91,-90,-90,-76,-80,-78,-81,-78,-76,,,
1,2,3,-70,-71,-71,-80,-80,-80,-87,-88,-89,-90,-90,-89,-74,-74,-73,-76,-75,-77,-84,-82,-90
1,2,3,-71,-73,-73,-78,-78,-79,-88,-89,-88,-108,-120,-120,-79,-77,-76,-77,-76,-76,-88,-87,-85
2,2,2,-81,-83,-82,-83,-83,-83,-91,-89,-87,-90,-89,-91,-88,-90,-87,-82,-82,-82,-120,-120,-120
1,2,3,-73,-72,-74,-81,-78,-79,-90,-89,-90,-88,-90,-90,-73,-72,-71,-76,-76,-77,-87,-81,-81
2,2,3,-75,-72,-73,-79,-79,-82,-120,-90,-91,-85,-85,-88,-85,-84,-81,-77,-78,-82,-87,-88,-87
2,2,3,-77,-81,-83,-78,-80,-83,,,,-89,-92,-108,-86,-90,-106,-84,-83,-82,-107,-120,-120
2,2,2,-86,-79,-79,-82,-81,-81,,,,-94,-92,-90,-88,-104,-120,-77,-84,-90,,,
2,2,3,-75,-80,-77,-80,-83,-83,-91,-107,-91,-87,-88,-90,-81,-82,-82,-75,-77,-81,-88,-86,-86
2,2,3,-73,-73,-72,-73,-79,-83,-87,-86,-87,-86,-84,-84,-87,-88,-86,-82,-80,-81,-90,-90,-89
2,2,1,-82,-80,-80,-89,-89,-89,,,,,,,-120,-120,-120,-88,-104,-91,,,
2,2,3,-75,-73,-72,-81,-79,-81,-89,-89,-88,-88,-86,-86,-89,-87,-85,-82,-84,-82,-109,-120,-91
2,2,3,-74,-75,-74,-78,-78,-78,,,,-90,-106,-120,-82,-79,-78,-82,-82,-83,-88,-87,-88
2,2,3,-77,-78,-79,-83,-83,-88,-88,-88,-88,-88,-91,-107,-88,-88,-87,-84,-82,-83,,,
5,2,2,-76,-80,-84,-80,-85,-86,,,,-120,-120,-120,-105,-120,-89,-85,-87,-80,-120,-120,-120
2,2,3,-74,-73,-72,-79,-80,-81,-106,-120,-120,-105,-90,-90,-81,-81,-84,-83,-83,-85,-107,-120,-120
2,2,1,-83,-83,-83,-90,-90,-88,,,,,,,,,,-88,-91,-107,,,
2,2,3,-74,-74,-73,-79,-81,-79,-92,-92,-89,-88,-88,-87,-84,-79,-84,-82,-83,-84,-91,-88,-86
2,2,3,-80,-79,-77,-84,-81,-82,-90,-88,-87,-90,-90,-90,-88,-89,-87,-90,-90,-90,-120,-120,-120
2,2,3,-82,-78,-78,-79,-79,-77,-89,-88,-88,-120,-89,-90,-85,-84,-84,-81,-80,-78,-90,-88,-88
2,2,2,-80,-96,-77,-82,-88,-88,,,,-95,-87,-87,-104,-120,-120,-81,-83,-82,,,
2,2,1,-87,-85,-85,-87,-87,-87,,,,,,,-91,-90,-89,-88,-89,-88,,,
2,2,3,-81,-78,-77,-80,-81,-82,-91,-89,-88,-120,-120,-89,-87,-88,-89,-88,-89,-86,,,
2,2,3,-71,-71,-72,-75,-76,-79,-91,-90,-92,-88,-88,-90,-87,-82,-80,-83,-83,-84,-92,-93,-90
2,2,3,-79,-80,-78,-86,-84,-85,-88,-90,-86,-120,-120,-120,-86,-89,-88,-84,-85,-85,,,
2,2,2,-81,-77,-74,-75,-78,-79,,,,-90,-90,-91,-120,-90,-87,-83,-83,-78,,,
2,2,3,-73,-72,-72,-75,-79,-77,-120,-120,-120,-88,-90,-91,-90,-91,-88,-76,-77,-75,-120,-120,-120
2,2,3,-74,-76,-74,-86,-85,-79,-91,-90,-89,-88,-91,-93,-79,-83,-85,-76,-77,-80,-86,-90,-90
2,2,2,-75,-79,-80,-81,-81,-81,,,,,,,-89,-90,-90,-84,-82,-83,,,
2,2,3,-75,-74,-75,-86,-86,-86,,,,-91,-107,-120,-85,-88,-87,-74,-74,-75,-120,-120,-120
2,2,3,-73,-73,-72,-87,-85,-87,-88,-87,-88,-91,-90,-92,-85,-87,-88,-81,-81,-80,,,
2,2,3,-74,-75,-76,-83,-83,-84,,,,-87,-88,-88,-84,-85,-85,-75,-76,-76,-105,-89,-89
2,2,3,-74,-75,-75,-85,-84,-84,-88,-104,-120,-90,-90,-91,-86,-86,-86,-84,-77,-76,,,
2,2,3,-70,-72,-73,-84,-86,-87,,,,,,,-88,-86,-85,-74,-73,-74,-92,-93,-109
2,2,2,-81,-80,-76,-82,-83,-86,,,,,,,-110,-92,-90,-79,-79,-80,,,
2,2,1,-76,-76,-76,-83,-83,-83,,,,,,,-92,-108,-92,-90,-92,-89,,,
2,2,3,-70,-71,-71,-76,-77,-78,,,,-90,-89,-88,-87,-87,-85,-73,-73,-74,-86,-87,-87
2,2,2,-80,-81,-76,-108,-89,-86,,,,,,,-108,-120,-82,-90,-90,-84,-120,-120,-85
2,2,3,-77,-75,-77,-85,-85,-86,-90,-89,-89,-89,-90,-88,-83,-81,-81,-77,-78,-79,-92,-90,-88
2,2,3,-73,-75,-81,-82,-84,-84,,,,-90,-106,-92,-84,-84,-80,-77,-80,-79,-89,-86,-87
2,2,3,-71,-71,-74,-86,-85,-83,-89,-95,-111,-88,-93,-109,-82,-83,-83,-75,-77,-73,-88,-89,-105
2,2,3,-82,-81,-82,-85,-84,-83,-88,-89,-88,-108,-120,-120,-80,-80,-81,-80,-78,-80,-91,-91,-89
2,2,3,-77,-80,-82,-89,-87,-83,-89,-90,-92,-84,-85,-86,-82,-82,-84,-75,-76,-77,-92,-89,-91
1,2,2,-70,-72,-70,-87,-83,-81,-109,-92,-108,-88,-88,-86,-82,-82,-82,-83,-80,-81,-84,-86,-89
1,2,3,-72,-74,-75,-85,-85,-86,,,,-108,-120,-120,-81,-82,-82,-77,-77,-77,-90,-88,-89
2,2,3,-73,-72,-72,-81,-79,-78,,,,-90,-87,-87,-89,-84,-84,-77,-76,-75,-87,-86,-86
2,2,2,-71,-71,-72,-96,-87,-86,,,,-87,-87,-87,-82,-83,-80,-94,-76,-76,-105,-120,-120
2,2,1,-87,-87,-85,,,,,,,,,,-92,-92,-90,-88,-88,-88,,,
2,2,1,-88,-91,-91,,,,,,,,,,,,,-90,-90,-91,,,
2,2,3,-70,-70,-68,-79,-80,-79,-107,-90,-92,-85,-86,-86,-81,-81,-82,-70,-70,-78,-87,-90,-89
2,2,3,-79,-77,-77,-85,-86,-84,,,,,,,-87,-83,-88,-78,-80,-80,,,
2,2,2,-72,-71,-71,-83,-90,-88,,,,-91,-87,-103,-83,-82,-82,-78,-83,-80,,,
2,2,3,-84,-85,-84,-86,-86,-84,-120,-120,-120,-90,-90,-90,-82,-82,-82,-81,-80,-80,,,
2,2,3,-70,-71,-72,-76,-77,-79,-88,-88,-88,-87,-87,-88,-83,-81,-86,-72,-71,-73,-89,-88,-89
2,2,3,-79,-82,-81,-80,-81,-80,-120,-120,-120,-108,-120,-120,-85,-86,-87,-75,-76,-75,-84,-87,-85
2,2,2,-67,-67,-68,-79,-79,-78,-91,-91,-89,-84,-85,-85,-89,-86,-84,-74,-78,-73,-85,-86,-86
2,2,3,-83,-82,-79,-85,-86,-86,-89,-89,-89,-88,-90,-90,-86,-85,-82,-80,-79,-77,,,
2,2,3,-72,-70,-70,-80,-80,-81,-91,-89,-89,-88,-86,-86,-87,-82,-81,-77,-80,-82,-91,-93,-109
2,2,3,-73,-73,-73,-90,-87,-88,,,,-89,-90,-90,-86,-85,-88,-78,-77,-78,,,
2,2,2,-70,-86,-102,-77,-78,-78,-90,-106,-89,-83,-85,-82,-89,-89,-87,-72,-80,-88,-88,-104,-120
2,2,3,-82,-84,-81,-85,-86,-87,-89,-89,-89,-90,-90,-90,-83,-83,-83,-78,-76,-78,,,
2,2,3,-69,-68,-69,-79,-78,-78,-90,-106,-90,-120,-120,-120,-83,-83,-83,-77,-76,-76,-90,-89,-89
2,2,3,-72,-73,-74,-87,-86,-87,-92,-89,-89,-90,-90,-106,-83,-82,-81,-75,-75,-77,-91,-91,-86
2,2,2,-66,-77,-77,-83,-84,-81,,,,-89,-92,-108,-79,-79,-81,-74,-81,-81,-120,-120,-120
2,2,3,-76,-75,-75,-83,-83,-84,-90,-106,-90,-89,-105,-92,-86,-85,-85,-80,-83,-82,,,
2,2,1,-88,-88,-88,,,,,,,,,,-120,-120,-120,-89,-90,-90,,,
2,2,3,-67,-72,-72,-81,-81,-76,-92,-89,-88,-88,-89,-91,-86,-85,-88,-76,-73,-76,-88,-88,-87
2,2,3,-70,-70,-76,-83,-82,-82,-88,-88,-89,-89,-86,-84,-80,-84,-84,-84,-81,-78,-84,-85,-87
2,2,3,-81,-88,-84,-86,-85,-82,-89,-89,-89,-89,-89,-88,-102,-87,-89,-82,-83,-82,,,
2,2,3,-77,-78,-79,-83,-81,-80,,,,-91,-89,-93,-90,-106,-120,-72,-71,-71,-87,-88,-88
2,2,3,-71,-72,-75,-84,-83,-83,-120,-120,-120,-90,-89,-91,-91,-89,-90,-76,-77,-79,-85,-85,-89
2,2,1,-120,-120,-120,-120,-120,-120,,,,,,,,,,-89,-89,-89,,,
1,2,2,-72,-88,-68,-84,-84,-82,,,,-89,-105,-120,-105,-83,-82,-78,-80,-79,-92,-87,-90
2,2,2,-75,-72,-71,-85,-90,-90,-120,-120,-94,-88,-89,-91,-82,-82,-85,-77,-78,-79,-120,-88,-89
5,2,3,-86,-83,-82,-85,-86,-85,-92,-92,-108,-120,-120,-120,-85,-86,-86,-79,-82,-84,,,
2,2,3,-75,-74,-75,-84,-85,-86,,,,-89,-91,-91,-85,-82,-83,-80,-80,-84,-88,-90,-91
2,2,3,-81,-82,-83,-86,-85,-86,-89,-92,-108,,,,-85,-83,-85,-81,-84,-80,,,
2,2,3,-70,-72,-72,-83,-83,-79,-120,-120,-92,-89,-91,-92,-84,-85,-86,-82,-83,-80,-120,-120,-92
2,2,3,-80,-83,-80,-88,-85,-84,,,,-92,-92,-108,-83,-84,-83,-78,-84,-80,-93,-93,-91
2,2,3,-68,-69,-69,-83,-83,-83,-120,-120,-90,-90,-93,-88,-86,-85,-82,-81,-79,-76,-90,-88,-88
2,2,3,-69,-72,-75,-87,-82,-79,-85,-85,-85,-93,-89,-87,-92,-84,-87,-77,-73,-79,-91,-92,-108
2,2,3,-71,-73,-68,-83,-83,-84,-91,-90,-88,-92,-108,-120,-85,-84,-84,-76,-76,-76,-89,-89,-92
2,2,2,-66,-69,-67,-83,-88,-87,,,,-87,-87,-94,-80,-80,-81,-79,-78,-78,-84,-90,-85
2,2,1,-79,-79,-79,-120,-91,-89,,,,,,,,,,-85,-85,-86,,,
2,2,3,-62,-62,-64,-82,-82,-84,,,,-90,-90,-89,-85,-87,-87,-73,-74,-74,-120,-120,-120
2,2,3,-66,-66,-65,-82,-84,-83,-89,-89,-90,,,,-83,-82,-82,-75,-75,-75,-89,-91,-92
2,2,2,-83,-64,-81,-84,-100,-88,,,,-90,-88,-87,-80,-80,-81,-78,-76,-80,-86,-90,-106
2,2,3,-65,-64,-64,-83,-82,-83,,,,-90,-106,-93,-88,-88,-89,-76,-74,-77,-120,-120,-120
2,2,3,-65,-65,-66,-86,-87,-87,-88,-89,-88,,,,-83,-82,-83,-75,-75,-74,-106,-94,-88
2,2,3,-64,-63,-63,-83,-83,-81,,,,-106,-120,-120,-89,-87,-88,-73,-74,-77,,,
2,2,3,-71,-68,-68,-85,-87,-88,-86,-88,-88,-85,-86,-86,-87,-83,-82,-74,-73,-77,-88,-91,-90
1,2,2,-65,-64,-65,-86,-91,-107,-92,-108,-120,-120,-120,-120,-81,-80,-82,-80,-80,-89,-105,-120,-120
2,2,3,-63,-64,-64,-84,-84,-84,-106,-120,-120,-90,-106,-120,-88,-88,-88,-77,-77,-80,,,
2,2,3,-66,-65,-66,-83,-84,-84,-108,-120,-120,-94,-110,-120,-91,-90,-90,-82,-81,-78,-91,-90,-106
2,2,3,-70,-69,-68,-83,-84,-87,-88,-87,-88,-89,-86,-83,-85,-84,-86,-78,-79,-80,-88,-87,-86
2,2,2,-64,-64,-65,-82,-85,-83,-97,-90,-90,-88,-89,-89,-79,-80,-81,-81,-80,-80,-87,-88,-87
2,2,3,-64,-64,-64,-85,-85,-85,,,,,,,-90,-90,-90,-77,-77,-77,,,
2,2,3,-74,-73,-74,-83,-83,-83,,,,-90,-90,-106,-86,-88,-89,-79,-79,-78,-92,-108,-120
2,2,3,-69,-70,-69,-80,-82,-84,-88,-88,-88,-83,-86,-87,-84,-85,-85,-78,-77,-77,-87,-88,-92
1,2,2,-65,-64,-64,-83,-83,-83,-89,-90,-92,-120,-120,-120,-81,-82,-78,-80,-84,-82,-88,-88,-89
2,2,3,-63,-59,-59,-85,-84,-82,,,,-94,-89,-89,-87,-87,-87,-83,-77,-77,,,
2,2,3,-74,-75,-74,-85,-83,-82,,,,-90,-90,-89,-87,-89,-89,-81,-81,-78,,,
2,2,2,-77,-88,-104,-88,-88,-89,,,,-84,-84,-100,-80,-82,-84,-76,-80,-75,-81,-83,-81
2,2,3,-73,-73,-72,-87,-86,-79,-88,-88,-89,-86,-85,-84,-84,-84,-84,-83,-81,-82,-85,-87,-87
2,2,3,-62,-62,-62,-81,-80,-81,-90,-90,-90,-89,-89,-90,-84,-82,-82,-81,-82,-83,,,
2,2,3,-69,-69,-71,-88,-83,-80,-87,-87,-88,-84,-84,-83,-84,-84,-82,-80,-80,-77,-86,-87,-88
2,2,3,-71,-71,-71,-80,-81,-81,,,,-106,-91,-90,-89,-89,-86,-85,-79,-80,-92,-92,-108
2,2,2,-75,-77,-75,-87,-79,-80,,,,-82,-83,-84,-81,-80,-78,-75,-72,-76,-81,-84,-84
2,2,3,-79,-80,-70,-89,-93,-84,-93,-109,-120,-107,-120,-120,-91,-86,-88,-82,-86,-80,-93,-93,-109
2,2,3,-71,-74,-71,-84,-88,-85,-88,-87,-88,-82,-82,-85,-82,-82,-83,-78,-78,-77,-85,-83,-85
2,2,1,-81,-81,-80,-89,-87,-86,,,,,,,-91,-107,-120,-87,-87,-86,,,
2,2,3,-77,-76,-78,-85,-85,-82,-87,-87,-87,-92,-90,-106,-89,-87,-87,-78,-79,-83,-89,-89,-105
2,2,2,-64,-64,-63,-90,-86,-81,,,,-103,-119,-120,-80,-81,-97,-88,-88,-86,-93,-109,-120
2,2,3,-68,-68,-67,-86,-86,-85,-90,-89,-86,-85,-86,-90,-85,-84,-86,-74,-73,-74,-86,-87,-88
2,2,1,-78,-78,-76,-85,-83,-81,,,,,,,-90,-91,-107,-88,-87,-86,,,
2,2,3,-68,-68,-68,-80,-79,-80,-89,-87,-87,-85,-86,-85,-85,-83,-84,-78,-78,-78,-84,-85,-85
5,5,3,-79,-80,-80,-82,-81,-77,-87,-87,-87,-106,-91,-90,-86,-85,-86,-87,-87,-86,-91,-107,-120
2,2,3,-74,-74,-71,-78,-78,-79,-88,-87,-90,-90,-89,-88,-85,-85,-85,-76,-76,-76,-89,-86,-87
2,2,2,-65,-64,-64,-89,-81,-85,,,,-93,-91,-107,-83,-88,-88,-84,-83,-83,-88,-88,-89
1,2,3,-81,-79,-79,-79,-77,-75,-86,-86,-86,-92,-93,-92,-87,-88,-89,-87,-86,-85,-92,-92,-108
2,2,2,-75,-79,-78,-84,-84,-82,-108,-120,-120,-85,-84,-84,-89,-92,-93,-77,-77,-80,-89,-88,-91
2,2,3,-74,-77,-76,-83,-84,-84,-91,-90,-90,-89,-86,-85,-86,-86,-85,-79,-83,-76,-85,-85,-85
2,2,3,-72,-72,-71,-80,-79,-77,-88,-87,-88,-87,-89,-87,-83,-84,-85,-73,-76,-76,-87,-86,-86
1,2,1,-75,-75,-76,-82,-82,-81,,,,,,,-91,-91,-93,-91,-92,-108,,,
2,2,1,-82,-83,-82,-87,-86,-85,,,,,,,,,,-81,-79,-81,,,
5,6,1,,,,-73,-73,-74,,,,,,,,,,-87,-86,-85,-85,-87,-87
2,2,3,-72,-76,-77,-73,-77,-82,-89,-89,-87,-88,-89,-89,-87,-88,-88,-82,-84,-86,-89,-89,-86
2,2,2,-88,-78,-77,-81,-82,-83,,,,-85,-86,-86,-120,-120,-91,-79,-78,-77,-88,-88,-90
2,2,3,-76,-77,-76,-82,-83,-83,-88,-91,-89,-87,-88,-86,-85,-85,-85,-78,-80,-83,-87,-85,-85
2,2,1,-80,-81,-81,-89,-92,-108,,,,,,,-120,-120,-93,-87,-88,-90,,,
1,2,2,-66,-65,-65,-88,-81,-81,,,,-120,-120,-120,-87,-85,-85,-86,-84,-83,,,
1,2,3,-69,-72,-71,-85,-85,-84,-91,-93,-92,-120,-120,-120,-78,-79,-79,-83,-83,-84,-107,-120,-92
2,2,3,-69,-70,-72,-81,-82,-83,-88,-89,-90,-83,-84,-86,-86,-87,-87,-75,-73,-74,-88,-88,-87
1,2,2,-62,-69,-69,-79,-79,-81,,,,-93,-93,-89,-84,-89,-105,-85,-89,-85,,,
2,2,3,-69,-66,-70,-85,-83,-84,-88,-87,-88,-85,-84,-83,-85,-85,-83,-80,-78,-79,-86,-86,-87
1,2,3,-69,-66,-65,-83,-81,-79,,,,-108,-89,-89,-78,-77,-80,-77,-82,-79,-94,-94,-89
2,2,2,-83,-80,-77,-82,-88,-84,,,,-87,-92,-108,-85,-87,-103,-83,-85,-85,-89,-89,-105
2,2,3,-68,-68,-68,-82,-83,-81,-92,-92,-91,-89,-91,-92,-84,-84,-83,-81,-82,-78,-120,-92,-89
2,2,2,-77,-78,-78,-80,-79,-79,,,,,,,-89,-91,-92,-81,-84,-82,,,
2,2,3,-69,-70,-66,-79,-80,-79,-109,-120,-120,-88,-90,-89,-80,-83,-83,-74,-74,-74,-88,-90,-90
1,2,3,-72,-71,-69,-81,-81,-83,-92,-108,-120,-88,-87,-88,-85,-85,-87,-79,-79,-80,-120,-120,-120
2,2,3,-60,-61,-61,-82,-81,-80,-90,-106,-120,-86,-85,-85,-79,-77,-77,-72,-74,-75,-87,-86,-86
2,2,2,-72,-73,-74,-84,-83,-83,-120,-120,-90,-90,-89,-92,-92,-89,-87,-81,-80,-79,,,
4,4,2,,,,-88,-90,-84,-80,-79,-81,-83,-83,-85,,,,-77,-78,-78,,,
2,2,3,-66,-66,-66,-82,-81,-79,-108,-120,-120,-90,-88,-88,-88,-87,-87,-80,-79,-78,-120,-90,-89
2,2,3,-60,-57,-58,-83,-82,-81,-88,-88,-89,-90,-86,-86,-79,-80,-81,-73,-73,-72,-86,-85,-87
2,2,2,-72,-71,-72,-82,-81,-79,,,,-89,-89,-88,-86,-87,-88,-81,-80,-80,,,
2,2,3,-67,-67,-68,-84,-82,-82,,,,-88,-87,-88,-82,-84,-84,-82,-81,-81,-93,-109,-120
2,2,3,-66,-66,-68,-79,-80,-81,-89,-89,-89,-83,-84,-84,-83,-80,-79,-84,-82,-80,-83,-84,-85
4,4,2,-120,-120,-120,-86,-84,-100,-76,-81,-91,-86,-102,-118,,,,-84,-85,-85,-92,-92,-89
1,2,3,-63,-62,-62,-78,-79,-77,-120,-120,-120,-88,-87,-103,-77,-76,-77,-77,-78,-79,-88,-87,-88
4,4,3,-106,-120,-91,-86,-83,-82,-73,-76,-76,-83,-85,-84,-83,-87,-85,-79,-77,-80,-90,-90,-87
4,4,3,-120,-91,-91,-78,-79,-78,-82,-77,-72,-86,-85,-81,-87,-88,-88,-78,-79,-78,-89,-90,-106
5,4,2,-120,-120,-120,-84,-84,-83,-77,-77,-77,-85,-87,-88,-91,-90,-92,-77,-78,-80,-90,-90,-90
4,4,3,-86,-91,-87,-77,-80,-79,-72,-74,-72,-81,-83,-85,-86,-87,-86,-77,-76,-76,-89,-90,-106
4,4,3,-85,-88,-92,-85,-82,-78,-78,-79,-80,-83,-85,-83,-89,-89,-87,-78,-80,-79,-89,-86,-87
4,4,2,-93,-93,-92,-81,-81,-81,-80,-80,-78,-82,-98,-114,-105,-120,-120,-76,-73,-77,,,
4,4,3,-87,-86,-86,-79,-77,-76,-72,-71,-73,-86,-85,-84,-85,-85,-86,-77,-76,-77,-87,-88,-89
4,4,3,-89,-90,-91,-81,-82,-87,-80,-79,-79,-82,-80,-80,-84,-84,-86,-80,-79,-79,-88,-88,-88
4,4,3,-84,-86,-89,-80,-81,-80,-73,-72,-74,-83,-82,-82,-87,-87,-86,-79,-78,-79,-85,-87,-85
6,6,1,,,,-84,-85,-83,,,,,,,,,,-120,-120,-92,-90,-90,-91
4,4,3,-120,-120,-120,-81,-82,-82,-78,-78,-79,-80,-80,-80,-89,-87,-88,-79,-78,-78,-89,-89,-89
4,4,3,-86,-86,-84,-79,-80,-81,-72,-74,-75,-83,-84,-84,-86,-86,-85,-78,-78,-78,-90,-88,-87
4,4,2,,,,-82,-82,-82,-85,-101,-117,-85,-77,-82,,,,-79,-81,-79,,,
4,4,3,,,,-78,-83,-79,-79,-79,-78,-83,-83,-82,-88,-88,-87,-78,-78,-77,-87,-86,-87
4,4,3,-85,-85,-86,-80,-79,-79,-71,-74,-74,-83,-82,-82,-86,-86,-86,-78,-78,-77,-85,-88,-85
4,4,3,,,,-79,-80,-80,-79,-78,-78,-81,-83,-83,-88,-89,-88,-79,-78,-79,-87,-88,-89
4,4,3,-108,-92,-92,-78,-78,-80,-77,-75,-74,-82,-85,-83,-87,-90,-90,-82,-81,-79,-106,-91,-89
4,4,3,-89,-88,-89,-85,-85,-84,-78,-77,-76,-83,-82,-83,-82,-85,-84,-80,-81,-80,-93,-87,-87
4,4,3,-88,-88,-104,-84,-81,-82,-79,-81,-80,-87,-85,-85,-85,-83,-83,-80,-76,-75,-85,-85,-85
4,4,1,-107,-120,-120,-90,-92,-91,-87,-89,-88,-91,-90,-106,,,,-88,-87,-86,,,
4,4,2,-91,-91,-107,-80,-83,-85,-83,-82,-82,-86,-87,-85,-92,-92,-93,-79,-78,-78,-120,-120,-120
6,6,1,,,,-81,-80,-80,,,,,,,,,,-90,-106,-120,-90,-90,-90
4,4,3,-88,-89,-87,-83,-83,-83,-77,-76,-78,-79,-82,-83,-84,-85,-85,-81,-81,-81,-86,-85,-84
4,4,3,-120,-120,-91,-82,-80,-83,-78,-80,-81,-86,-86,-86,-84,-83,-83,-79,-78,-79,-87,-90,-87
4,4,1,-108,-120,-120,-90,-88,-93,-88,-89,-88,-120,-120,-120,,,,-86,-87,-88,,,
4,4,3,-87,-86,-86,-80,-86,-84,-78,-80,-81,-85,-88,-86,-87,-88,-85,-77,-78,-78,-87,-86,-88
4,4,3,-89,-91,-90,-78,-81,-83,-74,-69,-68,-86,-83,-81,-86,-85,-84,-73,-74,-76,-90,-92,-108
6,6,1,,,,-83,-83,-84,,,,,,,,,,-120,-120,-93,-87,-88,-88
4,4,3,-108,-120,-120,-80,-79,-78,-73,-74,-73,-87,-86,-87,-120,-120,-120,-82,-83,-83,,,
5,4,2,-93,-93,-92,-81,-83,-84,-80,-82,-79,-105,-87,-85,-90,-106,-120,-78,-80,-79,,,
4,4,1,,,,-89,-88,-93,-87,-91,-88,,,,-120,-120,-120,-93,-90,-91,,,
4,4,3,-91,-90,-91,-84,-84,-83,-73,-76,-77,-85,-85,-89,-85,-85,-85,-80,-84,-83,-106,-91,-91
4,4,3,-89,-88,-87,-83,-85,-82,-73,-76,-70,-83,-79,-80,-82,-82,-83,-75,-76,-74,-89,-87,-88
4,4,3,,,,-83,-85,-85,-68,-68,-73,-87,-86,-88,-89,-88,-88,-90,-86,-83,,,
4,4,3,-90,-88,-89,-84,-83,-87,-77,-76,-75,-87,-87,-88,-87,-86,-86,-85,-82,-83,-90,-90,-106
4,4,3,-90,-90,-89,-83,-82,-80,-74,-73,-73,-83,-85,-83,-82,-80,-80,-77,-77,-77,-90,-90,-89
4,4,2,,,,-85,-85,-86,-78,-79,-79,-84,-85,-84,,,,-78,-78,-78,,,
4,4,3,,,,-85,-85,-84,-73,-68,-70,-88,-87,-88,-91,-89,-90,-83,-85,-83,-92,-91,-90
4,4,3,-89,-88,-87,-82,-82,-82,-75,-75,-77,-87,-86,-86,-84,-84,-86,-80,-80,-80,-106,-90,-91
4,4,3,,,,-79,-79,-76,-73,-69,-73,-84,-83,-83,-84,-86,-90,-76,-76,-76,-87,-83,-89
4,4,3,-91,-90,-106,-81,-81,-84,-68,-67,-67,-82,-84,-83,-85,-86,-85,-72,-72,-72,-90,-89,-88
4,4,3,,,,-79,-80,-82,-71,-70,-70,-85,-86,-85,-89,-89,-90,-82,-81,-81,,,
4,4,2,,,,-85,-83,-87,-76,-75,-79,-90,-106,-120,-91,-107,-120,-87,-85,-85,-111,-120,-120
4,4,3,-90,-88,-89,-81,-83,-84,-76,-77,-76,-87,-85,-86,-84,-85,-86,-79,-80,-79,-91,-107,-90
4,4,3,-92,-92,-92,-82,-83,-83,-70,-69,-68,-83,-83,-83,-85,-84,-85,-73,-76,-74,-88,-88,-88
4,4,3,,,,-82,-81,-81,-72,-72,-71,-85,-86,-85,-90,-89,-87,-83,-83,-84,,,
4,4,3,-90,-90,-90,-83,-86,-83,-76,-75,-77,-86,-87,-88,-86,-88,-89,-78,-79,-79,-90,-90,-90
4,4,3,-90,-91,-107,-79,-80,-78,-70,-74,-72,-87,-84,-82,-85,-89,-87,-77,-78,-77,-88,-89,-87
4,4,3,-88,-91,-92,-80,-80,-81,-74,-74,-74,-85,-84,-85,-86,-84,-87,-84,-84,-83,-89,-89,-89
4,4,3,-120,-120,-120,-82,-82,-84,-74,-77,-77,-84,-85,-84,-85,-84,-84,-78,-77,-79,-107,-120,-120
4,4,2,-92,-91,-107,-84,-84,-87,-73,-74,-81,-86,-84,-84,-86,-86,-88,-76,-76,-76,-91,-88,-90
4,4,3,-91,-91,-90,-76,-75,-77,-74,-75,-73,-88,-85,-83,-87,-88,-88,-79,-79,-79,-90,-106,-120
4,4,3,-91,-90,-91,-84,-83,-82,-77,-78,-80,-84,-86,-85,-88,-87,-86,-81,-82,-81,-90,-106,-92
4,4,3,-120,-120,-120,-82,-82,-82,-70,-71,-70,-86,-84,-84,-92,-91,-89,-83,-82,-80,-102,-118,-120
4,4,2,-120,-120,-120,-82,-82,-77,-72,-70,-71,-82,-84,-83,-91,-91,-89,-79,-82,-81,-108,-120,-120
4,4,3,-90,-90,-106,-80,-83,-82,-78,-79,-78,-89,-87,-86,-89,-89,-87,-82,-82,-81,-107,-120,-120
5,6,1,,,,-76,-76,-76,,,,,,,,,,-91,-89,-90,-88,-89,-89
4,4,3,-120,-120,-120,-86,-89,-88,-81,-79,-78,-84,-84,-85,-87,-87,-87,-86,-87,-87,-91,-89,-89
4,4,3,,,,-81,-83,-82,-68,-68,-68,-83,-82,-83,-88,-88,-88,-80,-80,-80,-88,-88,-92
3,4,2,-91,-91,-107,-87,-89,-85,-79,-77,-76,-87,-103,-91,-86,-83,-84,-81,-80,-79,-103,-119,-120
4,4,3,-89,-105,-120,-82,-84,-86,-77,-78,-79,-87,-84,-86,-86,-86,-86,-85,-82,-83,-88,-104,-120
4,4,3,,,,-79,-80,-81,-69,-67,-69,-87,-84,-85,-86,-89,-89,-80,-80,-80,-120,-120,-120
6,6,1,,,,-84,-84,-83,,,,,,,,,,-107,-120,-93,-86,-88,-85
4,4,3,,,,-88,-87,-87,-85,-82,-78,-87,-84,-84,-87,-91,-107,-81,-81,-83,-120,-94,-90
4,4,3,,,,-80,-80,-82,-71,-71,-70,-84,-84,-84,-89,-89,-91,-79,-79,-81,-89,-89,-91
4,4,3,-91,-91,-89,-84,-84,-82,-78,-79,-79,-91,-89,-89,-86,-88,-88,-85,-85,-85,-106,-120,-120
4,4,3,,,,-91,-89,-89,-80,-82,-81,-107,-91,-89,-89,-90,-106,-78,-78,-79,-120,-120,-120
7,4,2,,,,-82,-85,-84,-80,-78,-79,-77,-78,-78,-120,-92,-92,-81,-85,-89,-90,-106,-88
4,4,3,-108,-120,-120,-85,-86,-85,-77,-78,-79,-88,-90,-89,-90,-106,-120,-87,-87,-86,,,
4,4,3,-91,-89,-105,-81,-84,-84,-73,-72,-74,-84,-83,-83,-87,-86,-88,-74,-74,-75,-90,-91,-107
4,4,3,-91,-92,-108,-83,-83,-83,-82,-82,-82,-92,-91,-87,-88,-89,-91,-88,-86,-87,,,
3,4,3,,,,-91,-91,-89,-82,-80,-79,-83,-85,-84,-84,-84,-84,-90,-89,-86,-106,-120,-120
5,4,1,,,,-85,-85,-87,-88,-89,-88,-90,-92,-108,,,,-90,-89,-89,,,
4,4,3,-92,-90,-91,-81,-81,-81,-72,-73,-76,-84,-83,-84,-86,-84,-87,-78,-77,-76,-90,-89,-90
4,4,2,-90,-91,-107,-84,-85,-85,-75,-80,-77,-86,-91,-107,-85,-82,-82,-78,-76,-75,-88,-92,-93
4,4,3,-105,-120,-120,-89,-89,-89,-79,-78,-78,-87,-87,-84,-88,-84,-84,-82,-83,-83,,,
4,4,2,,,,-88,-84,-88,-87,-84,-86,-92,-88,-104,-83,-83,-99,-86,-81,-84,,,
4,4,3,-89,-89,-89,-77,-78,-79,-68,-68,-67,-83,-86,-85,-84,-84,-86,-76,-77,-79,-86,-87,-89
4,4,3,-93,-109,-120,-85,-86,-85,-77,-75,-79,-84,-84,-85,-91,-90,-106,-78,-78,-81,-90,-90,-90
4,4,2,-120,-120,-120,-89,-90,-90,-72,-73,-72,-87,-93,-90,-86,-85,-101,-81,-80,-83,-87,-87,-87
4,4,3,,,,-89,-89,-89,-75,-75,-75,-81,-82,-81,-88,-89,-88,-75,-77,-80,-90,-89,-89
4,4,3,-120,-120,-120,-80,-79,-79,-73,-73,-72,-82,-82,-80,-87,-88,-88,-75,-75,-75,-85,-84,-84
4,4,3,-89,-90,-106,-85,-88,-88,-69,-69,-69,-83,-82,-81,-105,-90,-90,-77,-73,-73,-107,-90,-90
4,4,3,,,,-78,-78,-79,-69,-69,-70,-79,-81,-82,-88,-88,-87,-77,-77,-74,-85,-85,-86
4,4,2,,,,-94,-110,-90,-75,-76,-75,-85,-101,-84,-89,-88,-87,-85,-85,-83,-94,-110,-89
3,4,2,,,,-88,-94,-93,-80,-81,-77,-108,-86,-83,-87,-87,-87,-86,-86,-85,-109,-120,-120
4,4,1,,,,-88,-88,-87,-87,-84,-86,,,,,,,-90,-90,-90,,,
4,4,3,,,,-80,-80,-79,-70,-70,-69,-81,-81,-79,-86,-87,-88,-75,-75,-75,-86,-84,-84
4,4,3,,,,-79,-80,-80,-69,-69,-70,-78,-80,-82,-89,-88,-89,-75,-75,-75,-83,-84,-84
4,4,1,,,,-90,-90,-89,-87,-83,-82,-120,-120,-120,,,,-88,-90,-93,,,
4,4,3,-89,-89,-90,-79,-83,-84,-69,-68,-68,-79,-80,-83,-89,-88,-86,-75,-76,-75,-85,-85,-89
4,4,3,-93,-93,-89,-85,-87,-87,-68,-69,-69,-83,-85,-85,-84,-85,-85,-79,-76,-79,-88,-90,-106
4,4,2,-107,-120,-92,-84,-84,-88,-73,-72,-73,-86,-85,-87,-106,-120,-91,-81,-81,-78,-88,-88,-104
4,4,3,,,,-80,-80,-80,-68,-71,-68,-84,-82,-81,-87,-88,-87,-75,-77,-77,-85,-84,-85
4,4,3,-89,-95,-111,-87,-85,-85,-68,-69,-69,-87,-88,-89,-84,-84,-85,-77,-77,-76,,,
4,4,2,,,,-85,-85,-87,-75,-75,-76,-80,-80,-80,-108,-120,-120,-78,-78,-80,-90,-90,-106
4,4,3,-91,-91,-107,-84,-82,-80,-69,-68,-68,-84,-82,-82,-89,-89,-89,-77,-75,-77,-85,-85,-85
4,4,1,,,,-89,-87,-87,-80,-82,-79,-90,-90,-90,-92,-92,-88,-95,-87,-86,,,
4,4,2,-91,-91,-90,-86,-84,-83,-72,-74,-71,-88,-85,-87,-89,-88,-87,-82,-81,-79,-88,-90,-106
4,4,3,,,,-77,-78,-82,-71,-70,-68,-82,-81,-82,-87,-88,-89,-77,-77,-77,-86,-84,-84
4,4,3,,,,-89,-88,-91,-79,-75,-78,-84,-87,-88,-90,-91,-91,-85,-86,-86,-106,-120,-120
4,4,1,,,,-89,-88,-89,-82,-81,-78,,,,-86,-85,-87,-84,-85,-85,-89,-90,-106
4,4,3,-88,-88,-88,-86,-83,-82,-72,-71,-72,-82,-81,-81,-85,-84,-85,-83,-82,-80,-87,-87,-89
4,4,2,-89,-89,-89,-85,-85,-86,-71,-70,-68,-88,-86,-85,-83,-82,-80,-81,-81,-80,-91,-107,-120
4,4,3,,,,-88,-89,-90,-76,-78,-77,-85,-86,-87,-89,-90,-106,-78,-78,-80,-91,-107,-120
3,4,1,,,,-89,-89,-89,-81,-82,-83,-107,-120,-120,-87,-88,-86,-86,-86,-85,-120,-120,-120
4,4,3,-89,-105,-92,-83,-84,-84,-70,-69,-68,-84,-84,-88,-83,-83,-88,-80,-79,-77,-86,-85,-88
4,4,2,-120,-120,-120,-77,-78,-79,-74,-70,-68,-80,-78,-78,-86,-85,-85,-78,-78,-77,-90,-91,-107
4,4,3,-92,-89,-89,-84,-82,-83,-72,-73,-73,-82,-80,-80,-84,-85,-88,-80,-77,-77,-93,-109,-120
4,4,3,-89,-90,-91,-84,-82,-83,-70,-69,-70,-90,-89,-88,-82,-85,-85,-78,-78,-78,-88,-89,-89
6,6,1,,,,-85,-84,-84,,,,,,,,,,,,,-87,-86,-87
4,4,2,,,,-82,-82,-82,-68,-68,-68,-87,-87,-87,-86,-87,-84,-80,-80,-80,-87,-91,-91
4,4,3,-91,-90,-91,-84,-82,-83,-73,-74,-72,-86,-87,-86,-85,-86,-86,-80,-79,-79,-87,-87,-86
4,4,3,-110,-91,-88,-81,-83,-84,-68,-67,-67,-89,-90,-89,-84,-85,-85,-77,-76,-76,-92,-87,-87
4,4,2,-92,-94,-110,-89,-86,-85,-72,-72,-71,-89,-89,-89,-106,-120,-120,-75,-74,-74,,,
4,4,3,-107,-92,-108,-89,-90,-88,-71,-75,-76,-87,-86,-85,-89,-87,-87,-80,-78,-80,,,
4,4,3,,,,-89,-92,-108,-87,-86,-88,,,,-120,-120,-120,-87,-88,-89,,,
4,4,3,-93,-93,-91,-85,-83,-84,-68,-67,-66,-88,-89,-87,-90,-91,-90,-81,-81,-82,,,
4,4,2,-88,-88,-88,-87,-88,-89,-70,-71,-67,-84,-85,-85,-87,-86,-86,-82,-84,-83,,,
4,4,3,,,,-88,-87,-88,-75,-69,-78,-88,-87,-85,-87,-87,-86,-77,-77,-78,-91,-91,-92
4,4,3,,,,-88,-92,-87,-89,-87,-84,-89,-91,-92,,,,-88,-87,-85,,,
4,4,3,-106,-120,-120,-83,-85,-87,-66,-68,-69,-83,-84,-86,-89,-87,-86,-83,-81,-82,-90,-90,-91
4,4,3,-120,-120,-120,-81,-83,-83,-70,-69,-70,-82,-82,-82,-88,-86,-87,-72,-72,-73,-90,-106,-120
4,4,2,,,,-95,-87,-86,-68,-67,-69,-89,-89,-90,-88,-88,-86,-86,-83,-83,-120,-120,-120
4,4,3,,,,-94,-110,-120,-84,-84,-85,-88,-86,-86,,,,-89,-88,-87,,,
4,4,3,,,,-84,-84,-83,-72,-72,-71,-106,-92,-91,-86,-88,-87,-83,-81,-83,-89,-92,-90
4,4,3,-90,-106,-92,-82,-82,-82,-71,-71,-71,-91,-93,-89,-82,-84,-85,-83,-83,-84,-120,-92,-92
4,4,3,-120,-120,-120,-84,-83,-83,-75,-73,-72,-84,-84,-84,-83,-85,-83,-80,-78,-78,-120,-94,-91
3,4,3,,,,-83,-83,-85,-76,-77,-78,-84,-85,-85,-85,-80,-83,-81,-79,-81,-89,-89,-91
4,4,2,-90,-106,-120,-85,-85,-85,-63,-63,-63,-88,-87,-88,-86,-85,-87,-83,-83,-83,,,
4,4,3,-120,-120,-120,-90,-89,-90,-66,-66,-66,-92,-108,-120,-88,-88,-88,-82,-82,-83,,,
4,4,3,,,,-83,-82,-81,-77,-78,-78,-87,-89,-88,-84,-85,-88,-78,-76,-76,-86,-87,-89
4,4,3,,,,-86,-85,-89,-76,-77,-79,-88,-89,-90,,,,-84,-86,-85,-91,-90,-106
4,4,3,,,,-78,-79,-80,-84,-83,-81,-85,-85,-85,-82,-84,-86,-80,-77,-78,-120,-90,-88
4,4,2,-120,-120,-93,-84,-81,-82,-62,-62,-66,-88,-88,-88,-86,-86,-88,-81,-82,-79,,,
4,4,3,,,,-86,-86,-85,-64,-64,-66,-92,-91,-107,-85,-85,-88,-83,-81,-80,-91,-91,-107
4,4,3,,,,-85,-85,-84,-74,-75,-76,-86,-87,-87,-86,-86,-87,-80,-79,-78,-93,-89,-88
4,4,3,,,,-83,-81,-81,-73,-71,-71,-86,-86,-86,-85,-86,-78,-81,-82,-78,-93,-88,-87
4,4,2,-90,-89,-90,-81,-84,-82,-76,-75,-74,-85,-86,-86,-86,-86,-87,-77,-77,-77,-120,-120,-92
4,4,3,,,,-84,-84,-84,-77,-75,-77,-90,-89,-89,-86,-86,-86,-79,-80,-79,-93,-90,-89
4,4,3,-106,-92,-91,-85,-84,-86,-77,-76,-75,-90,-87,-87,-84,-81,-83,-80,-78,-81,-90,-89,-88
4,4,3,-90,-106,-120,-81,-84,-83,-73,-75,-78,-88,-88,-88,-88,-88,-84,-78,-79,-81,-89,-89,-105
4,4,3,,,,-87,-86,-87,-72,-72,-78,-82,-82,-83,-89,-105,-120,-81,-82,-85,-88,-87,-87
4,4,1,,,,-90,-88,-87,-77,-75,-75,-90,-90,-86,-108,-120,-120,-88,-87,-87,,,
4,4,3,-120,-120,-120,-85,-87,-85,-76,-77,-78,-85,-86,-87,-86,-92,-92,-74,-75,-75,-89,-91,-107
4,4,2,,,,-78,-83,-77,-86,-85,-74,-84,-85,-84,-101,-83,-83,-85,-83,-77,,,
4,4,3,-120,-120,-120,-84,-83,-82,-74,-77,-77,-85,-83,-83,-86,-87,-86,-83,-79,-78,-92,-91,-92
4,4,3,-120,-120,-120,-86,-86,-88,-77,-73,-71,-89,-91,-107,-81,-82,-92,-82,-80,-79,-89,-91,-90
4,4,2,-93,-93,-88,-83,-88,-86,-69,-67,-68,-85,-89,-90,-86,-88,-89,-83,-79,-78,-88,-91,-107
4,4,3,-120,-120,-120,-83,-85,-83,-74,-74,-80,-84,-86,-85,-85,-85,-87,-78,-78,-76,-92,-108,-91
4,4,1,,,,-89,-84,-85,-81,-76,-74,-88,-89,-90,,,,-88,-86,-86,-90,-90,-90
6,6,3,-92,-92,-92,-77,-77,-77,-92,-92,-90,,,,,,,-83,-82,-84,-82,-82,-82
4,4,3,,,,-84,-84,-84,-78,-76,-74,-88,-87,-88,-86,-87,-87,-80,-81,-82,-120,-90,-93
3,1,2,,,,-85,-85,-87,-72,-73,-73,-83,-82,-82,-88,-88,-88,-88,-87,-86,-92,-92,-108
4,4,3,,,,-81,-82,-83,-82,-77,-76,-85,-83,-83,-88,-88,-83,-78,-78,-81,-120,-90,-90
4,4,1,,,,-88,-88,-88,-75,-75,-74,-90,-91,-91,,,,-89,-88,-87,,,
4,4,3,-89,-89,-90,-80,-81,-83,-74,-75,-77,-90,-90,-88,-84,-85,-86,-82,-80,-79,-88,-89,-89
4,4,3,-106,-120,-93,-82,-81,-82,-75,-74,-74,-88,-88,-88,-85,-85,-85,-77,-76,-77,-88,-89,-90
4,4,2,-94,-94,-91,-84,-84,-84,-63,-66,-69,-89,-90,-88,-87,-86,-82,-74,-75,-79,-91,-89,-91
4,4,3,-92,-90,-94,-80,-79,-80,-79,-76,-75,-83,-84,-85,-88,-89,-88,-76,-76,-77,-90,-91,-90
4,4,3,,,,-87,-88,-87,-61,-62,-62,-82,-83,-83,-89,-88,-88,-80,-81,-81,,,
4,4,3,,,,-79,-80,-80,-76,-78,-74,-81,-81,-81,-86,-86,-84,-76,-77,-76,-86,-86,-88
4,4,2,,,,-104,-92,-85,-66,-67,-66,-81,-97,-81,-120,-120,-93,-87,-89,-86,,,
4,4,3,,,,-80,-78,-78,-76,-76,-77,-81,-80,-81,-87,-87,-85,-76,-78,-77,-90,-88,-88
4,4,3,,,,-88,-88,-88,-62,-67,-65,-82,-85,-84,-86,-86,-87,-85,-84,-81,-94,-94,-90
4,4,2,,,,-90,-86,-89,-65,-65,-63,-87,-88,-87,-87,-93,-92,-85,-84,-84,-89,-90,-106
4,4,3,-93,-93,-93,-85,-86,-84,-73,-73,-72,-84,-85,-81,-81,-82,-80,-77,-79,-82,-90,-88,-89
4,4,2,-93,-93,-92,-83,-87,-87,-79,-79,-78,-89,-88,-86,-90,-88,-88,-81,-79,-79,,,
4,4,3,-92,-89,-105,-84,-85,-87,-77,-76,-76,-87,-86,-85,-88,-88,-88,-81,-83,-84,-90,-90,-90
5,4,2,,,,-86,-82,-83,-98,-80,-80,-85,-85,-101,-104,-89,-89,-76,-76,-79,-93,-89,-89
4,4,1,,,,-87,-82,-83,-74,-76,-77,-88,-87,-86,,,,-89,-88,-89,-92,-108,-120
4,4,3,-120,-120,-120,-81,-79,-77,-74,-77,-73,-85,-88,-81,-91,-87,-86,-76,-77,-81,-107,-91,-89
4,4,3,-90,-89,-91,-81,-82,-80,-72,-72,-72,-78,-78,-80,-85,-88,-86,-80,-81,-80,-120,-120,-120
4,4,2,,,,-85,-85,-81,-79,-84,-84,-83,-84,-89,-89,-91,-89,-82,-81,-81,-88,-104,-90
4,4,3,,,,-82,-85,-86,-77,-78,-78,-81,-81,-82,-80,-81,-80,-81,-81,-80,-89,-89,-90
4,4,3,-92,-91,-107,-78,-82,-82,-76,-75,-75,-80,-85,-81,-85,-86,-86,-76,-79,-82,-90,-90,-106
5,6,1,,,,-77,-82,-84,,,,,,,,,,-89,-87,-86,-90,-90,-88
6,6,2,-89,-90,-106,-72,-71,-71,-90,-90,-90,,,,,,,-83,-85,-85,-69,-72,-76
6,6,2,-91,-91,-107,-71,-70,-69,-94,-93,-109,,,,,,,-83,-87,-87,-73,-74,-74
6,6,3,-86,-89,-92,-75,-76,-76,-91,-107,-89,,,,,,,-81,-81,-78,-70,-70,-73
6,6,2,-86,-84,-89,-69,-78,-78,-120,-120,-120,,,,,,,-85,-85,-84,-76,-75,-73
6,6,2,-86,-85,-86,-72,-70,-73,-90,-89,-105,-93,-93,-90,,,,-78,-80,-80,-71,-70,-71
6,6,3,-86,-90,-106,-71,-73,-73,-88,-87,-87,,,,,,,-74,-74,-75,-70,-70,-70
6,6,2,-89,-91,-92,-78,-79,-80,,,,-92,-91,-93,,,,-80,-80,-80,-70,-71,-71
6,6,3,-84,-83,-84,-72,-73,-72,-90,-89,-88,-91,-91,-91,,,,-74,-75,-77,-69,-70,-70
6,6,3,-84,-86,-85,-71,-70,-73,-90,-88,-88,-120,-90,-106,,,,-75,-75,-74,-69,-69,-69
6,6,3,-90,-89,-89,-71,-71,-71,,,,,,,,,,-83,-84,-82,-81,-79,-79
6,6,2,-120,-90,-89,-80,-80,-77,,,,,,,,,,-82,-81,-81,-71,-71,-71
6,6,3,-85,-84,-82,-73,-74,-76,-91,-88,-88,-90,-90,-91,,,,-82,-79,-78,-68,-68,-69
6,6,2,-90,-106,-120,-88,-85,-87,,,,,,,,,,-90,-89,-105,-74,-75,-77
6,6,3,-89,-89,-89,-79,-73,-74,,,,,,,,,,-81,-82,-82,-74,-75,-74
6,6,3,-83,-83,-83,-74,-74,-71,-88,-88,-88,-92,-92,-108,,,,-81,-81,-77,-68,-68,-68
6,6,2,-86,-88,-87,-72,-72,-73,-90,-90,-91,,,,,,,-82,-82,-82,-74,-82,-77
6,6,3,-85,-84,-84,-74,-73,-70,-87,-87,-87,-91,-90,-106,,,,-77,-77,-77,-68,-68,-68
6,6,3,-87,-87,-86,-79,-77,-73,-120,-90,-89,,,,,,,-81,-80,-81,-74,-75,-78
6,6,2,-84,-86,-86,-73,-72,-72,-88,-89,-89,,,,,,,-82,-82,-79,-75,-74,-75
6,6,3,-83,-82,-82,-75,-71,-75,-89,-92,-92,,,,,,,-81,-80,-80,-75,-75,-77
6,6,1,,,,-84,-83,-84,,,,,,,,,,-90,-90,-106,-90,-91,-90
6,6,3,-84,-83,-84,-71,-73,-75,-87,-87,-87,-90,-106,-120,,,,-77,-77,-76,-68,-68,-68
6,6,3,-82,-86,-82,-76,-70,-75,-92,-92,-89,,,,,,,-81,-81,-82,-77,-77,-78
6,6,2,-87,-89,-87,-73,-73,-73,-90,-90,-106,,,,,,,-82,-83,-81,-74,-74,-76
5,6,3,-88,-86,-82,-71,-73,-75,-107,-120,-93,-90,-106,-120,,,,-78,-81,-76,-80,-78,-75
6,6,3,-88,-90,-89,-70,-67,-66,-90,-106,-88,,,,,,,-81,-81,-82,-76,-72,-73
5,6,3,-85,-86,-87,-72,-71,-71,-107,-89,-88,,,,,,,-78,-77,-78,-75,-76,-74
6,6,2,-89,-88,-90,-70,-69,-68,,,,,,,,,,-81,-81,-81,-76,-76,-82
6,6,3,-91,-91,-91,-69,-69,-69,-90,-90,-90,-120,-120,-120,,,,-79,-80,-78,-78,-77,-77
6,6,3,-81,-81,-82,-74,-73,-72,,,,,,,,,,-78,-79,-80,-72,-71,-72
6,6,2,-91,-88,-90,-70,-71,-73,-91,-91,-107,,,,,,,-84,-83,-91,-79,-72,-78
6,6,3,-89,-88,-89,-69,-70,-72,-89,-88,-89,,,,,,,-82,-81,-82,-79,-79,-80
6,6,3,-89,-89,-88,-70,-70,-70,-88,-89,-88,-89,-105,-120,,,,-78,-78,-78,-73,-72,-72
6,6,2,-89,-90,-106,-74,-76,-77,,,,,,,,,,-84,-84,-87,-76,-76,-82
6,6,3,-89,-89,-105,-72,-72,-70,-94,-94,-93,,,,,,,-85,-80,-79,-78,-76,-75
6,6,3,-87,-87,-88,-76,-73,-74,-85,-85,-86,,,,,,,-78,-78,-78,-72,-72,-72
6,6,2,-104,-89,-90,-76,-75,-75,,,,,,,,,,-88,-87,-88,-81,-81,-80
6,6,3,-86,-86,-86,-70,-71,-71,-86,-87,-88,-92,-91,-90,,,,-79,-79,-79,-73,-73,-70
6,6,2,-91,-91,-90,-75,-76,-88,,,,-120,-120,-120,,,,-89,-89,-90,-76,-80,-80
6,6,3,-88,-92,-108,-74,-72,-72,-91,-107,-120,,,,,,,-79,-78,-77,-80,-78,-78
6,6,3,-84,-86,-89,-68,-68,-69,-88,-88,-88,-120,-120,-120,,,,-76,-76,-78,-71,-71,-71
6,6,3,,,,-71,-70,-70,,,,,,,,,,-81,-81,-80,-76,-76,-76
6,6,2,-109,-120,-120,-72,-72,-72,,,,,,,,,,-83,-83,-99,-78,-81,-81
6,6,3,-90,-87,-87,-74,-75,-72,-89,-89,-89,,,,,,,-80,-77,-80,-72,-73,-72
6,6,3,-106,-120,-120,-70,-70,-71,,,,-90,-90,-87,,,,-78,-79,-80,-75,-74,-74
6,6,2,-89,-90,-90,-71,-73,-69,,,,,,,,,,-87,-85,-86,-73,-77,-74
6,6,3,-94,-90,-87,-71,-73,-72,-90,-91,-107,-90,-89,-87,,,,-77,-79,-87,-72,-72,-72
6,6,2,-91,-107,-120,-73,-70,-79,,,,,,,,,,-83,-88,-88,-89,-84,-79
6,6,3,-120,-120,-120,-70,-72,-72,,,,-105,-120,-120,,,,-83,-85,-90,-75,-76,-77
6,6,3,-87,-87,-85,-72,-72,-71,,,,-120,-120,-120,,,,-83,-84,-83,-68,-68,-68
6,6,3,-90,-89,-89,-70,-70,-70,,,,-89,-89,-89,,,,-79,-80,-80,-75,-74,-73
6,6,1,,,,-85,-85,-84,,,,,,,,,,-120,-120,-92,-91,-90,-90
6,6,2,,,,-74,-78,-74,,,,,,,,,,-81,-81,-81,-76,-75,-75
6,6,3,-88,-87,-87,-79,-80,-82,,,,,,,,,,-85,-85,-87,-77,-80,-80
6,6,3,-89,-105,-120,-76,-78,-83,,,,-91,-107,-120,,,,-84,-83,-86,-76,-81,-80
5,6,3,-85,-91,-89,-72,-74,-76,,,,-90,-87,-91,,,,-78,-79,-81,-78,-74,-74
6,6,2,-94,-110,-89,-71,-69,-69,,,,,,,,,,-78,-78,-78,-77,-79,-80
6,6,3,-91,-89,-90,-77,-78,-77,,,,,,,,,,-84,-85,-85,-80,-81,-82
6,6,2,-90,-90,-106,-71,-86,-87,,,,,,,,,,-79,-75,-76,-76,-75,-80
6,6,3,-85,-84,-87,-75,-77,-76,,,,,,,,,,-83,-84,-84,-79,-81,-79
6,6,3,-88,-89,-89,-76,-76,-76,,,,,,,,,,-87,-87,-86,-83,-83,-81
6,6,3,-84,-83,-85,-73,-77,-73,,,,-89,-90,-90,,,,-76,-80,-80,-73,-70,-71
6,6,2,-91,-107,-89,-75,-82,-77,,,,-90,-106,-120,,,,-85,-86,-85,-80,-80,-75
6,6,3,-89,-89,-90,-69,-68,-68,,,,-91,-87,-88,,,,-83,-85,-87,-74,-75,-73
6,6,2,,,,-68,-71,-74,,,,,,,,,,-85,-85,-85,-77,-77,-78
6,6,3,-88,-88,-88,-68,-64,-66,,,,-83,-83,-89,,,,-81,-81,-80,-73,-73,-73
6,6,3,-91,-87,-87,-71,-66,-64,,,,-90,-90,-88,-90,-90,-90,-81,-82,-82,-84,-82,-81
6,6,2,-90,-106,-120,-79,-76,-74,,,,-88,-88,-92,,,,-82,-82,-82,-80,-78,-79
6,6,3,-87,-87,-88,-65,-65,-66,,,,-86,-85,-87,,,,-78,-81,-80,-75,-76,-76
6,6,3,,,,-69,-70,-70,,,,-89,-88,-91,,,,-86,-81,-82,-77,-77,-77
6,6,2,,,,-71,-71,-70,,,,,,,,,,-81,-80,-81,-79,-79,-79
6,6,3,-87,-88,-88,-64,-64,-64,,,,-85,-86,-86,,,,-77,-84,-81,-73,-73,-76
6,6,2,-107,-90,-89,-73,-67,-70,,,,,,,,,,-82,-83,-83,-79,-77,-78
6,6,3,-89,-89,-89,-68,-72,-73,,,,-89,-89,-89,,,,-83,-80,-81,-75,-74,-75
6,6,3,-91,-91,-107,-73,-73,-74,,,,-88,-87,-87,,,,-82,-84,-82,-74,-74,-75
6,6,2,-120,-120,-120,-68,-64,-64,,,,,,,,,,-82,-82,-82,-82,-82,-79
6,6,3,-85,-86,-85,-66,-66,-65,,,,-84,-86,-84,,,,-80,-79,-78,-72,-72,-75
6,6,2,,,,-67,-66,-66,,,,-107,-120,-120,,,,-81,-78,-78,-80,-81,-83
6,6,3,-110,-91,-91,-67,-66,-65,,,,-107,-120,-91,,,,-81,-80,-79,-80,-76,-74
6,6,2,,,,-65,-66,-76,,,,,,,,,,-86,-85,-85,-83,-82,-82
6,6,3,-90,-88,-88,-65,-65,-65,,,,-84,-84,-82,,,,-78,-79,-79,-75,-75,-76
6,6,3,-92,-90,-106,-65,-64,-63,,,,-109,-120,-120,,,,-78,-79,-80,-76,-76,-76
6,6,2,,,,-67,-67,-69,,,,,,,,,,-82,-81,-80,-79,-79,-79
6,6,3,-89,-88,-90,-67,-65,-65,,,,-87,-87,-87,,,,-76,-76,-78,-76,-79,-79
6,6,2,-90,-90,-106,-68,-71,-73,,,,-90,-106,-120,,,,-81,-85,-82,-79,-95,-78
6,6,3,-89,-89,-89,-65,-65,-65,,,,,,,,,,-79,-80,-79,-76,-76,-75
6,6,3,-105,-120,-120,-65,-64,-64,,,,-85,-85,-85,-120,-120,-120,-77,-78,-78,-75,-75,-76
6,6,3,-91,-91,-91,-66,-63,-64,,,,,,,,,,-78,-78,-79,-76,-76,-76
6,6,3,-87,-83,-80,-69,-70,-68,,,,-89,-88,-90,,,,-76,-75,-73,-81,-78,-81
6,6,3,-89,-89,-105,-62,-63,-69,,,,-92,-108,-120,,,,-80,-79,-77,-76,-77,-74
6,6,2,-105,-90,-91,-70,-66,-66,,,,,,,,,,-88,-78,-79,-77,-78,-78
5,6,3,-83,-83,-82,-65,-67,-65,,,,-90,-92,-91,-90,-106,-120,-71,-71,-70,-78,-82,-82
5,6,3,-83,-83,-83,-65,-65,-65,,,,-90,-90,-90,-120,-120,-120,-77,-77,-74,-82,-81,-80
6,6,3,-91,-90,-91,-70,-70,-71,,,,-89,-89,-89,,,,-86,-86,-89,-86,-81,-83
6,6,2,,,,-74,-73,-72,,,,-89,-90,-106,,,,-81,-82,-86,-82,-82,-91
5,6,3,-84,-89,-91,-68,-69,-72,,,,-86,-90,-90,-120,-120,-120,-72,-75,-77,-78,-80,-78
6,6,3,-84,-83,-83,-66,-64,-64,,,,-104,-89,-87,-90,-90,-106,-81,-82,-82,-75,-76,-77
6,6,2,,,,-71,-73,-73,,,,-90,-91,-107,,,,-80,-82,-81,-79,-79,-80
6,6,3,-90,-90,-90,-72,-73,-73,,,,-89,-89,-89,,,,-85,-87,-86,-76,-79,-81
5,6,3,-85,-87,-87,-70,-65,-61,,,,-89,-87,-89,-91,-92,-108,-74,-77,-78,-79,-74,-74
6,6,3,-89,-105,-120,-72,-75,-71,,,,-89,-89,-89,,,,-87,-86,-85,-75,-75,-76
6,6,2,,,,-70,-70,-71,,,,-104,-91,-90,,,,-83,-84,-87,-81,-78,-78
5,6,3,-90,-89,-105,-61,-64,-66,,,,-88,-91,-91,,,,-76,-77,-75,-77,-76,-74
6,6,3,-90,-90,-90,-72,-68,-67,,,,-108,-120,-120,,,,-85,-81,-80,-85,-86,-81
6,6,2,-92,-90,-89,-71,-73,-68,,,,-90,-106,-92,-93,-93,-89,-82,-81,-71,-79,-79,-78
6,6,3,-86,-86,-92,-66,-66,-67,,,,-88,-89,-89,,,,-83,-82,-81,-72,-70,-72
5,6,3,-88,-88,-87,-64,-61,-59,,,,-92,-90,-89,,,,-82,-84,-87,-80,-84,-84
5,6,2,-90,-90,-89,-67,-65,-66,,,,-120,-120,-89,,,,-82,-80,-80,-89,-87,-86
6,6,3,-90,-87,-89,-60,-61,-64,,,,-90,-89,-88,,,,-87,-84,-80,-84,-82,-78
6,6,3,-84,-89,-90,-71,-68,-67,,,,-89,-90,-90,-120,-120,-120,-80,-80,-81,-75,-75,-74
6,6,2,-113,-120,-120,-68,-70,-70,,,,-92,-108,-120,,,,-82,-83,-82,-85,-82,-81
6,6,3,-89,-90,-89,-65,-67,-66,,,,-86,-85,-86,,,,-76,-77,-77,-79,-78,-77
6,6,3,-90,-91,-107,-64,-64,-65,,,,-89,-105,-120,,,,-78,-78,-79,-72,-74,-74
6,6,2,-89,-90,-86,-65,-63,-63,,,,-89,-89,-88,,,,-80,-83,-81,-82,-78,-79
6,6,3,-87,-87,-86,-65,-67,-70,,,,-88,-87,-88,-108,-120,-120,-79,-79,-80,-75,-75,-76
6,6,3,-90,-90,-89,-69,-68,-67,,,,-88,-86,-87,,,,-77,-80,-79,-82,-84,-85
5,6,2,-82,-98,-114,-78,-79,-65,,,,,,,-91,-107,-120,-82,-98,-86,-86,-87,-83
6,6,3,-87,-89,-88,-68,-70,-69,,,,-89,-90,-90,,,,-79,-79,-80,-74,-80,-81
5,6,3,-86,-88,-86,-72,-70,-71,,,,-120,-87,-86,,,,-79,-76,-78,-86,-87,-86
5,6,1,,,,-79,-81,-81,,,,,,,,,,-88,-88,-92,-120,-120,-91
5,6,3,-89,-89,-90,-68,-69,-69,,,,-89,-88,-86,,,,-79,-80,-78,-83,-85,-85
6,6,3,-90,-88,-90,-70,-68,-69,,,,-89,-88,-88,,,,-77,-78,-78,-72,-72,-74
5,6,2,-85,-86,-102,-75,-75,-91,,,,,,,,,,-87,-103,-81,-88,-81,-82
6,6,1,,,,-81,-79,-78,,,,,,,,,,-90,-91,-88,-89,-89,-89
5,6,3,-86,-85,-83,-72,-71,-76,,,,-105,-90,-91,,,,-73,-73,-74,-86,-84,-85
6,6,3,-92,-108,-120,-69,-71,-72,,,,-84,-87,-85,,,,-80,-78,-79,-81,-81,-81
5,6,2,-85,-81,-86,-77,-72,-67,,,,,,,,,,-81,-81,-76,-120,-87,-83
5,6,3,-85,-84,-82,-72,-73,-74,,,,-88,-88,-91,,,,-72,-72,-72,-87,-86,-87
6,6,3,-90,-92,-91,-69,-69,-69,,,,-88,-88,-89,,,,-76,-76,-74,-77,-76,-79
6,6,1,,,,-82,-81,-81,,,,,,,,,,-96,-91,-91,-88,-88,-88
6,6,3,-92,-90,-90,-71,-66,-68,,,,-91,-89,-89,,,,-82,-83,-88,-75,-80,-79
6,6,2,-88,-88,-87,-68,-72,-69,,,,-90,-89,-105,,,,-85,-83,-83,-77,-78,-79
6,6,3,-82,-82,-82,-71,-71,-69,,,,-92,-91,-107,,,,-82,-81,-81,-80,-79,-77
5,6,3,-88,-88,-86,-61,-67,-71,,,,-89,-88,-89,,,,-77,-79,-77,-80,-81,-83
5,5,2,-86,-89,-91,-76,-73,-73,,,,-120,-120,-120,,,,-76,-75,-76,-87,-88,-89
5,6,3,-76,-79,-77,-59,-59,-60,,,,-86,-86,-87,-88,-89,-89,-74,-75,-76,-83,-83,-84
6,6,1,,,,-74,-72,-72,,,,,,,,,,-91,-91,-90,-89,-89,-92
5,6,1,,,,-75,-75,-73,,,,,,,,,,-93,-90,-89,-120,-120,-120
5,6,3,-91,-91,-90,-65,-63,-62,,,,-89,-87,-88,-108,-120,-120,-80,-83,-82,-83,-78,-78
5,6,3,-91,-93,-90,-69,-69,-69,,,,-92,-86,-84,,,,-80,-81,-80,-85,-85,-88
6,6,1,,,,-74,-76,-80,,,,,,,,,,-88,-85,-87,-89,-90,-106
5,6,3,-105,-120,-120,-71,-70,-70,,,,-87,-87,-86,,,,-77,-79,-79,-83,-85,-88
5,6,2,-89,-89,-88,-63,-64,-65,,,,,,,,,,-84,-81,-78,-119,-120,-88
5,6,3,-81,-89,-86,-58,-58,-57,,,,-88,-87,-89,-90,-106,-120,-72,-75,-74,-88,-89,-87
5,6,1,,,,-80,-80,-79,,,,,,,,,,-91,-91,-90,-91,-107,-120
5,6,3,-89,-91,-92,-69,-69,-68,,,,-90,-89,-88,,,,-80,-81,-81,-90,-91,-92
5,6,3,-81,-84,-81,-59,-62,-63,,,,-89,-89,-90,-87,-91,-107,-70,-69,-69,-83,-84,-89
5,6,2,-88,-91,-107,-64,-64,-73,,,,-90,-90,-106,,,,-93,-74,-75,-87,-89,-105
5,6,3,-87,-91,-89,-66,-72,-72,,,,-86,-88,-87,,,,-75,-75,-74,-83,-82,-82
5,6,3,-108,-120,-120,-68,-69,-70,,,,,,,,,,-82,-82,-80,-91,-93,-89
5,6,3,-86,-86,-87,-70,-69,-68,,,,-86,-87,-87,,,,-75,-80,-74,-81,-81,-82
5,6,3,-92,-94,-93,-63,-63,-62,,,,-91,-92,-108,,,,-76,-79,-77,-85,-89,-88
5,6,2,-85,-83,-83,-65,-66,-66,,,,-120,-120,-120,,,,-75,-75,-75,-87,-86,-87
5,6,3,,,,-77,-76,-75,,,,,,,,,,-83,-83,-83,-88,-87,-86
6,6,1,,,,-78,-78,-78,,,,,,,,,,-120,-120,-92,-89,-89,-89
5,6,3,-87,-86,-86,-72,-71,-71,,,,-84,-85,-84,,,,-78,-78,-78,-85,-85,-85
5,6,3,-105,-120,-120,-67,-67,-66,,,,-106,-120,-120,,,,-82,-81,-81,-89,-88,-88
5,6,1,,,,-76,-76,-76,,,,,,,,,,-108,-120,-120,-93,-91,-90
5,6,2,-89,-105,-120,-73,-76,-75,,,,,,,,,,-88,-89,-88,-88,-88,-89
5,6,3,-106,-90,-90,-66,-66,-65,,,,-84,-83,-86,-88,-89,-88,-84,-83,-81,-76,-79,-82
5,6,1,,,,-72,-71,-72,,,,,,,,,,-88,-89,-87,,,
5,6,3,-84,-85,-87,-67,-69,-68,,,,-89,-83,-85,-91,-91,-89,-80,-78,-76,-84,-82,-81
5,6,3,-85,-86,-85,-59,-59,-58,,,,-89,-89,-89,,,,-72,-72,-71,-120,-120,-120
5,6,2,-90,-88,-85,-61,-61,-60,,,,-105,-92,-90,,,,-73,-73,-74,-85,-84,-84
6,6,3,-89,-89,-89,-66,-64,-65,,,,-90,-88,-86,,,,-79,-79,-82,-78,-79,-79
5,6,2,-91,-107,-120,-72,-72,-70,,,,-89,-88,-89,,,,-80,-82,-90,-85,-89,-87
5,6,3,-86,-89,-89,-67,-67,-66,,,,-90,-89,-89,-91,-107,-120,-78,-76,-76,-83,-85,-88
5,6,3,-88,-90,-90,-66,-67,-65,,,,-85,-87,-86,,,,-79,-80,-81,-81,-81,-82
5,6,2,-87,-82,-89,-63,-62,-61,,,,-91,-92,-90,-120,-91,-93,-70,-71,-82,-82,-83,-83
6,6,3,-104,-88,-88,-72,-68,-60,,,,-82,-83,-89,-107,-91,-87,-77,-79,-79,-81,-81,-83
5,6,3,-87,-88,-91,-64,-65,-65,,,,-87,-90,-90,,,,-79,-80,-79,-81,-80,-80
5,6,2,-88,-87,-88,-65,-65,-62,,,,-119,-92,-90,-107,-120,-120,-76,-73,-73,-87,-86,-83
5,6,3,-89,-89,-90,-58,-57,-57,,,,-85,-87,-86,-89,-91,-107,-74,-73,-77,-81,-81,-81
6,6,3,-89,-89,-90,-65,-65,-65,,,,-87,-87,-85,,,,-80,-79,-82,-82,-82,-79
5,6,1,,,,-71,-72,-72,,,,,,,,,,-89,-89,-90,,,
5,6,2,-90,-106,-89,-77,-74,-75,,,,-106,-84,-87,-91,-107,-120,-81,-83,-83,-84,-85,-82
5,6,3,-90,-88,-87,-59,-57,-59,,,,-89,-87,-86,-89,-91,-107,-74,-74,-76,-81,-81,-82
6,6,3,-88,-89,-89,-66,-65,-64,,,,-84,-84,-85,-120,-120,-120,-81,-80,-82,-79,-80,-81
5,6,3,-85,-88,-89,-59,-59,-59,,,,-88,-88,-87,-106,-120,-120,-78,-78,-77,-83,-85,-83
6,6,2,-88,-104,-90,-75,-74,-72,,,,-93,-109,-91,,,,-83,-85,-84,-85,-85,-83
5,6,3,-91,-107,-89,-64,-65,-65,,,,-85,-86,-84,-120,-120,-120,-78,-78,-79,-81,-81,-81
5,6,3,-90,-91,-107,-74,-75,-72,,,,-86,-87,-86,,,,-82,-82,-81,-86,-86,-86
5,6,3,-89,-87,-85,-63,-64,-67,,,,-82,-85,-87,,,,-77,-79,-79,-82,-83,-84
6,6,2,-87,-88,-88,-67,-63,-63,,,,-92,-89,-105,,,,-77,-77,-78,-83,-87,-88
5,6,3,-88,-88,-89,-74,-74,-72,,,,-92,-88,-88,,,,-85,-84,-84,-88,-84,-84
5,6,3,-89,-105,-88,-55,-58,-60,,,,-90,-89,-87,-89,-90,-106,-76,-77,-78,-83,-81,-82
5,6,3,-90,-88,-87,-72,-72,-73,,,,-91,-90,-89,,,,-84,-88,-85,-84,-84,-85
5,6,3,-88,-87,-87,-67,-69,-68,,,,-81,-81,-81,-88,-88,-88,-80,-81,-81,-85,-85,-84
5,6,2,-93,-109,-120,-81,-64,-71,,,,-108,-120,-91,-92,-90,-92,-77,-86,-88,-88,-104,-87
5,6,3,-86,-84,-79,-55,-55,-55,,,,-88,-87,-85,-120,-120,-120,-77,-75,-76,-82,-83,-81
5,6,3,-89,-88,-88,-66,-67,-65,,,,-81,-81,-81,-89,-88,-88,-80,-80,-79,-84,-85,-85
5,6,3,-82,-85,-79,-59,-60,-58,,,,-86,-88,-88,,,,-79,-78,-78,-81,-81,-82
5,6,2,-106,-89,-88,-64,-64,-62,,,,-86,-87,-86,,,,-77,-77,-77,-82,-80,-79
5,6,3,-88,-87,-87,-64,-65,-67,,,,-82,-82,-84,-89,-91,-89,-78,-79,-80,-84,-84,-84
5,5,1,-89,-93,-94,-83,-83,-79,,,,,,,,,,-88,-87,-86,,,
5,6,3,-83,-82,-83,-60,-58,-57,,,,-89,-90,-87,-91,-91,-90,-68,-69,-68,-82,-82,-86
5,5,2,-89,-85,-91,-70,-61,-72,,,,-120,-94,-90,-90,-90,-91,-76,-73,-74,-88,-87,-87
8,8,3,-87,-90,-88,-80,-79,-79,-120,-120,-120,-74,-74,-75,,,,-80,-80,-80,-72,-71,-71
7,8,2,-108,-120,-120,-88,-83,-83,,,,-84,-80,-79,,,,-83,-83,-88,-79,-84,-82
7,8,3,-91,-92,-108,-83,-84,-84,-94,-91,-107,-70,-75,-74,-120,-120,-120,-74,-73,-74,-74,-74,-77
8,8,2,,,,-76,-78,-77,,,,-71,-72,-71,,,,-82,-85,-101,-72,-88,-75
8,8,3,-120,-120,-120,-81,-81,-80,-91,-88,-90,-70,-70,-73,,,,-81,-80,-82,-71,-74,-72
7,8,3,-91,-107,-120,-81,-80,-81,,,,-75,-72,-76,,,,-74,-76,-74,-73,-74,-73
8,8,3,-90,-91,-91,-81,-81,-81,,,,-70,-70,-70,,,,-84,-85,-86,-72,-75,-74
7,8,2,-120,-120,-93,-84,-83,-83,,,,-91,-74,-73,,,,-83,-84,-85,-76,-77,-74
8,8,3,-91,-107,-120,-81,-80,-78,-87,-87,-88,-71,-70,-68,,,,-81,-79,-79,-74,-74,-75
8,8,3,-89,-93,-109,-82,-84,-83,-91,-90,-92,-71,-71,-71,-93,-109,-120,-84,-84,-87,-75,-73,-73
8,8,3,,,,-79,-83,-82,-106,-120,-120,-68,-68,-68,,,,-88,-85,-88,-72,-72,-71
8,8,3,-91,-90,-91,-80,-80,-79,-88,-87,-88,-70,-71,-71,,,,-83,-82,-79,-74,-74,-74
8,8,2,,,,-77,-85,-89,-94,-89,-90,-71,-71,-81,,,,-82,-81,-78,-72,-76,-77
8,8,3,-120,-120,-93,-82,-82,-83,-92,-92,-89,-69,-69,-68,,,,-88,-89,-89,-73,-71,-71
8,8,3,,,,-83,-82,-84,-89,-89,-89,-72,-69,-69,,,,-86,-79,-80,-73,-74,-74
8,8,2,-89,-87,-86,-87,-84,-81,-86,-87,-87,-74,-74,-74,,,,-80,-80,-80,-75,-76,-76
8,8,3,-90,-90,-90,-84,-84,-83,-91,-90,-89,-69,-69,-69,,,,-85,-85,-84,-72,-73,-73
8,8,3,-90,-89,-89,-79,-79,-81,,,,-76,-71,-71,,,,-75,-74,-75,-79,-78,-79
5,8,2,-90,-106,-91,-87,-86,-83,,,,-77,-75,-72,,,,-85,-78,-80,-75,-74,-73
8,8,3,-91,-89,-89,-78,-79,-80,-108,-120,-90,-74,-75,-75,-89,-89,-105,-80,-85,-80,-83,-81,-82
7,8,2,,,,-83,-79,-80,,,,-80,-80,-82,,,,-74,-74,-75,-78,-75,-75
8,8,3,-92,-108,-93,-81,-84,-83,-89,-90,-106,-79,-79,-75,,,,-79,-80,-81,-80,-78,-80
8,8,3,-89,-89,-89,-83,-81,-82,-108,-120,-120,-72,-74,-74,-120,-120,-120,-84,-85,-84,-83,-78,-80
7,8,2,,,,-78,-94,-110,,,,-79,-80,-80,,,,-75,-74,-73,-76,-79,-76
8,8,3,-92,-92,-108,-84,-82,-82,-94,-92,-92,-74,-73,-73,,,,-84,-81,-80,-79,-82,-79
8,8,3,-87,-88,-87,-83,-85,-87,-92,-92,-93,-77,-77,-75,,,,-85,-84,-84,-80,-80,-78
5,8,2,-90,-91,-107,-81,-85,-86,-89,-92,-108,-80,-80,-79,,,,-74,-79,-75,-75,-81,-79
7,8,3,-91,-93,-92,-81,-82,-82,-91,-91,-107,-77,-71,-71,,,,-77,-81,-82,-81,-84,-86
8,8,3,-86,-87,-89,-87,-86,-86,-106,-120,-120,-74,-73,-72,,,,-84,-82,-86,-77,-75,-74
8,8,3,-93,-109,-120,-81,-80,-80,-93,-93,-93,-75,-75,-76,,,,-78,-78,-77,-83,-80,-83
7,8,2,-120,-91,-88,-81,-82,-83,,,,-73,-75,-75,,,,-75,-74,-74,-78,-83,-78
8,8,3,-88,-90,-106,-79,-80,-80,-120,-120,-120,-69,-72,-73,,,,-82,-85,-82,-77,-73,-74
8,8,3,-120,-92,-88,-84,-82,-82,-107,-120,-120,-75,-72,-73,,,,-86,-84,-82,-81,-84,-81
5,5,2,-87,-103,-82,-89,-75,-77,-107,-120,-90,-81,-75,-81,,,,-76,-81,-73,-85,-81,-75
7,8,3,-83,-82,-81,-80,-79,-77,-92,-108,-120,-76,-76,-72,-92,-89,-105,-73,-72,-72,-73,-74,-74
8,8,3,-106,-91,-88,-81,-82,-76,-89,-89,-88,-72,-73,-73,,,,-83,-83,-83,-77,-73,-73
8,8,2,-120,-120,-120,-86,-86,-84,,,,-79,-79,-79,,,,-81,-80,-79,-80,-79,-79
8,8,3,-92,-92,-90,-79,-78,-78,-120,-120,-120,-75,-74,-74,-92,-91,-107,-82,-83,-80,-73,-73,-73
8,8,3,-120,-120,-120,-80,-82,-81,,,,-74,-75,-75,,,,-83,-86,-83,-76,-79,-82
8,8,2,-88,-104,-120,-81,-80,-79,,,,-77,-79,-87,,,,-81,-81,-91,-78,-79,-80
8,8,3,-90,-88,-89,-80,-78,-76,,,,-76,-74,-74,-89,-90,-92,-77,-78,-77,-73,-73,-73
8,8,3,-120,-120,-92,-80,-81,-83,,,,-73,-71,-70,,,,-81,-82,-82,-82,-82,-82
7,8,2,,,,-80,-82,-79,,,,-74,-76,-76,,,,-79,-78,-81,-81,-82,-82
8,8,3,-90,-89,-89,-78,-79,-80,-107,-120,-120,-73,-73,-74,,,,-76,-76,-77,-73,-72,-72
7,8,2,,,,-78,-78,-77,,,,-78,-73,-75,,,,-80,-80,-85,-81,-79,-76
7,8,3,-87,-88,-91,-79,-77,-80,-90,-90,-89,-71,-70,-71,,,,-78,-78,-81,-77,-77,-82
8,8,3,,,,-78,-80,-79,,,,-71,-73,-73,-109,-120,-120,-77,-78,-78,-71,-71,-72
8,8,3,-120,-120,-120,-78,-78,-80,-107,-91,-83,-73,-72,-73,-91,-107,-120,-78,-78,-77,-73,-71,-73
6,8,2,-120,-120,-120,-84,-85,-78,,,,-74,-74,-74,,,,-89,-85,-85,-74,-75,-76
7,8,3,-120,-120,-120,-86,-86,-85,-120,-120,-89,-72,-70,-72,,,,-85,-84,-85,-81,-83,-82
8,8,3,-86,-85,-86,-80,-80,-79,-103,-119,-89,-71,-71,-71,-109,-120,-120,-72,-72,-72,-74,-74,-77
5,8,2,-120,-120,-120,-82,-83,-86,-87,-90,-86,-78,-83,-79,,,,-84,-100,-88,-79,-77,-77
8,8,3,-88,-89,-90,-84,-83,-84,-85,-85,-86,-72,-73,-73,,,,-86,-86,-81,-79,-80,-79
7,8,3,-86,-86,-86,-81,-81,-83,-81,-81,-81,-76,-75,-78,-89,-89,-88,-75,-74,-73,-81,-84,-84
8,8,3,-89,-88,-89,-84,-80,-81,-87,-87,-86,-72,-72,-73,-120,-120,-120,-84,-85,-83,-81,-83,-80
6,8,2,,,,-84,-83,-83,-88,-104,-120,-80,-79,-79,,,,-81,-80,-79,-78,-80,-78
8,8,3,-85,-83,-84,-80,-81,-85,-81,-82,-81,-70,-70,-70,-87,-85,-86,-80,-79,-82,-76,-77,-79
8,8,3,-90,-90,-106,-82,-82,-82,-91,-87,-91,-73,-72,-74,,,,-85,-85,-84,-75,-76,-81
8,8,2,-91,-107,-120,-86,-83,-82,-88,-88,-92,-77,-76,-77,,,,-118,-87,-87,-94,-81,-81
8,8,2,,,,-83,-84,-83,-88,-88,-104,-71,-70,-74,,,,-88,-87,-86,-84,-82,-83
8,8,3,-88,-86,-87,-78,-79,-79,-91,-88,-86,-69,-70,-72,-84,-84,-86,-83,-81,-80,-73,-74,-75
8,8,3,-89,-89,-88,-83,-82,-82,-89,-89,-88,-71,-70,-71,,,,-87,-89,-88,-74,-74,-76
8,8,3,-90,-89,-88,-82,-82,-82,-86,-86,-86,-72,-72,-73,,,,-85,-85,-84,-76,-75,-80
8,8,2,,,,-86,-90,-106,-105,-120,-120,-76,-76,-77,,,,-91,-87,-85,-85,-85,-85
8,8,3,-90,-90,-106,-77,-73,-73,-87,-88,-89,-68,-67,-67,,,,-79,-81,-80,-72,-70,-70
8,8,3,-91,-91,-107,-82,-82,-80,-88,-87,-86,-72,-73,-73,-120,-120,-120,-87,-86,-87,-75,-77,-75
8,8,3,-88,-87,-86,-77,-79,-80,-92,-90,-85,-66,-67,-71,-90,-88,-85,-85,-83,-81,-74,-72,-71
8,8,2,-120,-120,-120,-88,-104,-88,-87,-89,-105,-80,-82,-83,-86,-86,-102,,,,-83,-83,-81
8,8,3,-91,-87,-84,-81,-83,-83,-85,-84,-88,-69,-69,-69,-90,-106,-120,-85,-82,-82,-78,-78,-78
8,8,3,,,,-84,-83,-85,-93,-89,-89,-74,-74,-74,,,,-84,-85,-88,-75,-74,-75
8,8,2,,,,-87,-88,-86,,,,-83,-82,-85,-109,-120,-120,-92,-91,-107,-79,-80,-80
8,8,3,-120,-120,-120,-82,-81,-81,-89,-88,-87,-75,-78,-80,,,,-86,-87,-84,-80,-82,-84
8,8,3,-120,-120,-120,-82,-79,-78,-120,-120,-120,-75,-74,-75,,,,-85,-86,-86,-75,-75,-76
8,8,2,,,,-89,-89,-88,,,,-90,-88,-80,-90,-106,-120,,,,-86,-80,-81
7,8,1,,,,-91,-88,-87,,,,-88,-87,-87,,,,-108,-120,-92,-107,-120,-120
8,8,3,-89,-84,-84,-81,-82,-82,-83,-81,-81,-71,-71,-71,-86,-86,-85,-78,-79,-78,-78,-76,-76
8,8,2,,,,-86,-86,-85,,,,-79,-83,-84,,,,-90,-90,-91,-78,-78,-78
8,8,3,,,,-79,-79,-81,-91,-90,-90,-75,-75,-74,,,,-84,-86,-85,-75,-74,-74
8,8,3,-86,-86,-88,-79,-77,-76,-92,-89,-85,-69,-68,-68,-91,-92,-108,-82,-81,-85,-74,-74,-74
8,8,1,,,,-120,-120,-92,,,,-89,-88,-88,,,,-120,-120,-120,-120,-120,-120
8,8,3,-88,-89,-89,-83,-83,-81,,,,-76,-76,-76,,,,-87,-87,-86,-74,-74,-74
8,8,2,,,,-87,-87,-88,-87,-91,-107,-90,-86,-86,,,,-89,-105,-89,-79,-82,-82
8,8,3,-104,-120,-120,-83,-87,-85,-84,-89,-89,-67,-69,-69,-120,-120,-120,-83,-86,-87,-72,-73,-73
8,8,2,,,,-85,-83,-83,-89,-105,-89,-78,-75,-76,-107,-120,-120,-93,-109,-92,-82,-78,-78
8,8,3,-89,-90,-88,-82,-80,-84,,,,-76,-75,-76,,,,-89,-87,-88,-74,-74,-74
8,8,2,-88,-86,-86,-80,-80,-80,-84,-83,-83,-73,-72,-73,-91,-107,-91,-81,-80,-81,-78,-81,-83
8,8,3,-88,-88,-88,-80,-79,-79,-88,-89,-85,-79,-77,-80,-106,-120,-120,-85,-83,-85,-76,-76,-74
8,8,3,-88,-87,-87,-79,-79,-79,-85,-85,-85,-76,-76,-73,-87,-85,-86,-81,-82,-81,-81,-80,-78
7,8,2,-117,-90,-91,-88,-86,-86,-93,-92,-89,-79,-80,-74,-120,-120,-90,-88,-85,-86,-83,-79,-78
8,8,3,-89,-89,-91,-82,-84,-84,-87,-87,-86,-72,-74,-73,-108,-120,-120,-86,-85,-86,-75,-79,-78
8,8,2,-105,-91,-87,-82,-82,-82,-84,-100,-86,-71,-69,-69,-120,-120,-120,-86,-86,-87,-74,-80,-73
8,8,2,-90,-90,-90,-77,-81,-77,-87,-89,-88,-67,-69,-69,,,,-86,-87,-85,-82,-82,-84
8,8,3,-90,-89,-90,-82,-84,-86,-95,-91,-107,-72,-76,-75,,,,-86,-86,-85,-77,-77,-77
8,8,3,-90,-90,-90,-82,-83,-81,-91,-91,-91,-71,-72,-71,,,,-84,-82,-82,-74,-78,-79
7,8,2,-91,-91,-90,-90,-85,-85,-91,-84,-84,-78,-74,-74,,,,-87,-86,-87,-84,-86,-87
8,8,2,-91,-91,-90,-79,-79,-83,-85,-85,-85,-74,-76,-77,,,,-87,-85,-86,-80,-78,-77
8,8,3,-93,-109,-120,-81,-82,-81,-88,-87,-86,-79,-76,-77,-89,-90,-92,-79,-77,-78,-77,-75,-75
8,8,3,-92,-92,-92,-84,-80,-82,-87,-88,-86,-73,-72,-73,,,,-82,-82,-81,-78,-78,-77
8,8,2,-91,-92,-88,-87,-86,-86,-84,-80,-80,-77,-75,-77,-91,-92,-88,-83,-82,-83,-83,-84,-84
7,8,3,,,,-81,-81,-81,-84,-84,-87,-78,-84,-82,-106,-120,-120,-78,-76,-76,-74,-74,-74
7,8,2,,,,-80,-83,-82,-100,-86,-92,-77,-78,-77,,,,-90,-91,-107,-103,-85,-78
8,8,3,-91,-107,-90,-78,-75,-76,-82,-82,-88,-74,-73,-71,-90,-89,-105,-85,-84,-84,-79,-78,-76
8,8,3,-93,-109,-120,-82,-82,-82,-86,-86,-87,-71,-69,-69,-91,-90,-90,-86,-79,-81,-79,-78,-77
7,8,2,-89,-88,-91,-83,-84,-83,-89,-86,-85,-73,-77,-77,-91,-107,-90,-78,-81,-80,-79,-81,-82
8,8,3,-87,-87,-87,-81,-85,-78,-88,-89,-86,-74,-75,-74,,,,-87,-86,-84,-81,-80,-79
8,8,3,-91,-107,-92,-82,-83,-81,-81,-82,-81,-70,-71,-72,-91,-91,-91,-83,-83,-85,-80,-82,-82
7,8,2,-88,-83,-82,-83,-85,-84,-82,-82,-83,-73,-74,-74,-120,-120,-120,-74,-78,-76,-73,-74,-74
8,8,3,-87,-89,-89,-83,-81,-81,-87,-87,-89,-74,-74,-75,,,,-83,-82,-84,-81,-81,-81
8,8,3,,,,-82,-79,-80,-82,-81,-83,-72,-72,-73,-90,-92,-93,-81,-81,-81,-81,-81,-79
8,8,2,-80,-83,-84,-83,-83,-82,-79,-80,-83,-71,-73,-73,,,,-75,-74,-74,-72,-72,-73
8,8,3,-107,-120,-120,-81,-80,-80,-90,-89,-89,-75,-74,-74,,,,-83,-82,-82,-82,-82,-84
8,8,3,-92,-92,-93,-81,-83,-77,-88,-88,-88,-76,-77,-77,,,,-86,-85,-85,-85,-84,-84
8,8,2,-86,-86,-84,-79,-79,-79,-86,-86,-87,-75,-73,-74,-90,-106,-120,-90,-90,-83,-76,-76,-77
8,8,3,-91,-89,-91,-82,-81,-78,-84,-85,-86,-75,-80,-78,-88,-89,-89,-82,-80,-77,-82,-74,-75
7,8,3,-89,-89,-90,-78,-79,-84,-86,-86,-88,-75,-70,-68,-90,-87,-87,-82,-80,-80,-78,-72,-73
8,8,2,-120,-88,-104,-89,-84,-83,-93,-87,-88,-78,-81,-80,,,,-86,-85,-85,-84,-82,-80
8,8,3,-90,-92,-88,-83,-86,-88,-83,-86,-87,-72,-72,-71,-89,-88,-87,-80,-78,-79,-80,-78,-77
8,8,3,-102,-91,-87,-75,-81,-83,-89,-93,-89,-73,-72,-72,-89,-87,-89,-86,-85,-85,-74,-74,-74
8,8,2,,,,-88,-85,-80,-86,-84,-86,-78,-77,-78,,,,-86,-86,-86,-82,-83,-77
8,8,3,-87,-89,-89,-81,-82,-83,-85,-85,-85,-72,-72,-76,-106,-120,-120,-85,-83,-85,-77,-76,-77
8,8,3,-90,-88,-86,-84,-81,-85,-85,-86,-86,-68,-75,-79,-89,-89,-89,-80,-79,-82,-77,-76,-78
7,8,2,-93,-93,-92,-82,-83,-86,-102,-86,-102,-82,-82,-75,,,,-88,-87,-87,-85,-81,-82
8,8,3,-90,-90,-106,-85,-84,-83,-89,-88,-87,-76,-76,-79,,,,-90,-90,-88,-87,-81,-77
8,8,3,-120,-120,-92,-82,-81,-81,-87,-86,-86,-72,-71,-72,-120,-120,-120,-84,-85,-85,-78,-77,-76
8,8,3,,,,-91,-92,-91,-89,-89,-87,-78,-77,-77,,,,-120,-120,-120,-120,-91,-90
8,8,2,,,,-89,-86,-86,-86,-86,-85,-75,-73,-72,,,,-89,-89,-87,-81,-80,-83
7,8,3,-89,-89,-90,-78,-77,-77,-87,-82,-82,-71,-73,-74,-89,-91,-107,-79,-80,-80,-81,-80,-80
8,8,3,-91,-91,-91,-83,-80,-80,-81,-80,-83,-68,-70,-68,-91,-91,-107,-90,-91,-90,-74,-75,-75
8,8,3,-92,-90,-89,-81,-82,-82,-83,-85,-85,-66,-69,-69,-90,-90,-92,-88,-86,-85,-73,-73,-76
7,8,3,-88,-104,-91,-81,-93,-87,-90,-106,-90,-69,-83,-74,,,,-86,-102,-86,-81,-83,-79
8,8,2,-120,-120,-120,-85,-85,-83,-89,-89,-83,-76,-76,-71,,,,-90,-89,-88,-82,-87,-83
8,8,3,-89,-88,-89,-83,-83,-83,-81,-81,-82,-67,-65,-65,-107,-120,-92,-79,-79,-80,-76,-82,-84
8,8,3,-90,-106,-120,-80,-87,-83,-77,-78,-77,-67,-67,-70,,,,-85,-84,-83,-77,-75,-78
8,8,3,,,,-83,-84,-83,-85,-84,-86,-74,-75,-75,,,,-86,-86,-87,-77,-79,-80
7,8,3,-92,-91,-89,-86,-84,-84,-80,-83,-83,-65,-66,-66,-120,-120,-120,-79,-81,-81,-76,-85,-84
8,8,2,,,,-85,-87,-89,-85,-101,-87,-96,-86,-102,,,,,,,-100,-90,-81
8,8,3,,,,-86,-86,-84,-88,-87,-86,-76,-76,-78,-93,-109,-120,-87,-87,-89,-85,-79,-78
8,8,3,-85,-86,-88,-84,-85,-84,-80,-81,-84,-68,-68,-70,-120,-120,-120,-88,-86,-86,-78,-80,-81
8,8,3,,,,-85,-84,-84,-88,-88,-88,-78,-78,-77,,,,-89,-90,-90,-88,-89,-88
8,8,2,,,,-84,-85,-85,-84,-82,-84,-75,-77,-78,,,,-88,-88,-104,-81,-82,-81
5,5,1,,,,-85,-84,-76,,,,,,,,,,-80,-81,-79,-107,-120,-120
8,8,3,-88,-87,-86,-79,-83,-83,-81,-82,-81,-68,-68,-68,,,,-90,-89,-88,-82,-80,-78
8,8,2,,,,-84,-86,-85,-86,-86,-86,-76,-76,-75,,,,-89,-89,-88,-81,-81,-82
7,8,3,,,,-85,-86,-86,-87,-87,-87,-76,-77,-78,-93,-93,-109,-90,-87,-91,-89,-90,-89
7,8,3,-89,-87,-87,-79,-81,-82,-82,-82,-81,-69,-69,-69,,,,-87,-85,-85,-84,-83,-79
8,8,3,-88,-90,-89,-75,-75,-76,-87,-87,-86,-73,-73,-73,-106,-120,-120,-87,-86,-84,-86,-88,-87
8,8,2,,,,-84,-84,-86,-82,-84,-100,-72,-73,-78,,,,-89,-90,-106,-82,-81,-92
8,8,1,,,,-83,-82,-83,-90,-88,-89,-76,-77,-75,,,,-92,-108,-92,-87,-87,-86
8,8,3,-90,-93,-92,-77,-77,-77,-89,-90,-88,-81,-76,-75,,,,-87,-88,-89,-87,-85,-85
8,8,3,-90,-106,-120,-86,-87,-94,-88,-87,-89,-65,-70,-73,,,,-84,-84,-86,-84,-84,-89
8,8,2,,,,-87,-90,-89,-86,-86,-88,-80,-81,-79,,,,-85,-87,-87,-86,-88,-86
8,8,3,,,,-85,-83,-84,-89,-89,-90,-80,-81,-80,,,,-85,-84,-84,-79,-78,-78
8,8,1,,,,-88,-86,-84,-87,-87,-89,-77,-76,-75,,,,-120,-92,-90,-90,-89,-87
8,8,3,-91,-91,-90,-78,-77,-77,-89,-89,-88,-86,-80,-79,,,,-91,-87,-87,-87,-85,-85
8,8,3,-88,-88,-86,-87,-84,-88,-80,-84,-85,-70,-62,-62,-91,-92,-91,-82,-85,-85,-79,-81,-80
8,8,3,-92,-108,-120,-81,-82,-83,-84,-84,-86,-82,-81,-78,-93,-94,-110,-85,-88,-85,-83,-83,-82
8,8,2,,,,-88,-87,-84,-91,-85,-85,-76,-78,-74,,,,-89,-88,-89,-86,-89,-83
8,8,1,,,,-84,-83,-84,-89,-90,-92,-75,-75,-75,,,,-106,-92,-108,-87,-88,-87
8,8,3,-88,-90,-106,-77,-77,-77,-86,-85,-85,-76,-76,-76,,,,-83,-85,-84,-86,-86,-85
8,8,3,-90,-87,-88,-84,-87,-88,-81,-81,-84,-64,-67,-68,-90,-91,-90,-79,-78,-80,-80,-83,-83
8,8,2,,,,-83,-85,-90,-85,-101,-91,-83,-80,-80,,,,-89,-89,-89,-87,-87,-81
8,8,1,,,,-82,-84,-87,-91,-89,-90,-74,-75,-75,,,,-89,-105,-120,-86,-89,-88
6,6,3,-107,-92,-87,-78,-77,-78,-84,-86,-88,-81,-78,-75,,,,-88,-87,-88,-85,-85,-86
8,8,3,-120,-120,-120,-82,-82,-82,-85,-85,-84,-76,-79,-77,,,,-88,-88,-87,-82,-83,-84
7,8,3,-91,-91,-92,-84,-83,-82,-80,-79,-79,-65,-75,-72,-107,-90,-90,-77,-79,-76,-85,-87,-79
8,8,3,-120,-120,-93,-82,-85,-85,-87,-84,-86,-63,-66,-73,-105,-92,-89,-85,-87,-89,-84,-81,-81
8,8,2,,,,-88,-86,-85,-90,-87,-87,-71,-71,-65,,,,-90,-82,-82,-80,-82,-85
8,8,1,,,,-86,-85,-83,-88,-87,-87,-74,-74,-75,,,,-88,-89,-91,-104,-87,-87
7,8,3,-106,-120,-120,-84,-83,-83,-78,-80,-80,-65,-63,-63,-120,-120,-120,-78,-80,-80,-84,-83,-83
8,8,3,-108,-120,-91,-80,-81,-83,-87,-88,-89,-73,-75,-77,,,,-85,-86,-87,-81,-81,-89
8,8,2,,,,-85,-87,-87,-120,-120,-120,-84,-81,-77,,,,-93,-109,-91,-83,-88,-80
2,2,2,-74,-72,-71,-81,-81,-82,,,,,,,-80,-77,-78,-82,-78,-77,-90,-90,-106
2,2,2,-78,-77,-79,-83,-84,-84,,,,,,,-82,-87,-87,-79,-82,-77,,,
5,5,1,-91,-107,-120,-78,-77,-78,,,,,,,,,,-79,-78,-77,,,
5,6,3,-89,-90,-106,-76,-77,-76,,,,,,,,,,-81,-80,-80,-85,-85,-85
5,2,2,-86,-89,-83,-84,-87,-87,,,,,,,-87,-88,-86,-76,-82,-80,-105,-120,-120
2,2,3,-71,-73,-75,-77,-75,-75,-86,-89,-91,-84,-84,-83,-76,-77,-79,-70,-71,-71,-87,-87,-87
5,5,1,,,,-77,-78,-79,,,,,,,,,,-77,-77,-78,,,
2,2,3,-70,-71,-73,-83,-80,-82,-90,-89,-90,-106,-120,-120,-84,-81,-82,-76,-79,-83,-91,-89,-91
2,2,3,-76,-77,-76,-76,-77,-79,-91,-89,-87,-87,-87,-85,-79,-83,-84,-71,-70,-70,-86,-85,-87
2,2,2,-74,-72,-71,-80,-79,-79,,,,,,,-83,-79,-81,-76,-75,-77,,,
2,2,3,-70,-72,-74,-81,-80,-79,-89,-89,-89,-92,-92,-92,-78,-80,-77,-77,-80,-77,-89,-89,-89
2,2,3,-74,-73,-74,-78,-80,-82,-93,-90,-91,-86,-87,-86,-83,-79,-75,-70,-69,-68,-87,-86,-87
2,2,2,-76,-80,-76,-79,-81,-82,-91,-93,-92,-92,-91,-92,-82,-80,-77,-81,-82,-80,-89,-89,-88
1,2,3,-74,-73,-77,-78,-76,-78,-90,-106,-87,-90,-91,-87,-79,-78,-76,-79,-80,-79,-84,-87,-85
2,2,3,-80,-84,-84,-80,-82,-82,,,,,,,-84,-86,-83,-81,-79,-81,,,
2,2,3,-76,-77,-79,-76,-74,-75,-93,-109,-120,-91,-107,-120,-76,-76,-77,-77,-80,-84,-90,-90,-89
2,2,2,-81,-87,-85,-90,-89,-86,,,,,,,-81,-89,-86,-86,-102,-84,-89,-91,-90
2,2,3,-76,-77,-75,-79,-78,-78,-90,-90,-90,-87,-87,-87,-77,-78,-77,-75,-73,-72,-88,-85,-85
2,2,2,-74,-72,-70,-79,-80,-79,,,,,,,-81,-83,-77,-76,-76,-76,-91,-91,-88
2,2,3,-70,-69,-69,-79,-78,-78,-91,-89,-89,-94,-110,-120,-77,-78,-80,-80,-80,-82,-108,-120,-120
2,2,3,-76,-77,-74,-78,-78,-78,-88,-88,-89,-86,-86,-86,-77,-77,-77,-66,-66,-67,-91,-86,-85
2,2,2,-72,-72,-72,-82,-82,-81,,,,,,,-84,-82,-84,-76,-78,-77,,,
2,2,3,-68,-69,-68,-77,-78,-77,-89,-89,-89,,,,-85,-84,-85,-78,-76,-75,,,
2,2,3,-74,-75,-73,-80,-79,-78,-91,-91,-89,-86,-86,-85,-79,-78,-79,-67,-68,-67,-87,-87,-87
2,2,2,-72,-72,-71,-83,-80,-82,,,,,,,-81,-81,-82,-75,-75,-77,,,
2,2,3,-71,-73,-74,-79,-79,-81,-92,-108,-120,-106,-90,-92,-81,-80,-81,-81,-77,-80,-91,-91,-91
2,2,3,-71,-71,-71,-75,-75,-75,-92,-108,-120,-94,-94,-89,-82,-83,-83,-81,-81,-81,-90,-89,-89
2,2,3,-76,-78,-78,-81,-83,-82,-91,-107,-120,-107,-120,-120,-82,-84,-82,-81,-81,-85,-108,-120,-93
2,2,2,-74,-78,-78,-84,-80,-82,-94,-94,-91,-91,-87,-88,-90,-78,-85,-101,-73,-79,-87,-87,-86
2,2,3,-75,-74,-74,-77,-81,-80,-90,-90,-89,-90,-90,-91,-78,-78,-77,-80,-81,-81,,,
1,2,3,-72,-72,-73,-80,-80,-81,-88,-89,-89,,,,-78,-79,-77,-78,-79,-78,,,
1,2,3,-75,-76,-77,-79,-78,-78,,,,,,,-81,-80,-80,-83,-84,-83,-95,-92,-108
2,2,2,-85,-86,-83,-87,-87,-89,,,,,,,-90,-90,-82,-76,-74,-73,-89,-89,-87
2,2,3,-73,-72,-73,-80,-81,-81,-88,-89,-89,-90,-106,-120,-78,-80,-80,-76,-78,-78,,,
1,2,3,-73,-74,-73,-77,-77,-79,-89,-105,-120,-88,-88,-86,-78,-80,-79,-81,-81,-83,-108,-89,-105
1,2,3,-73,-73,-74,-81,-83,-81,-92,-93,-89,-92,-108,-120,-79,-80,-78,-78,-78,-78,-91,-91,-107
2,2,2,-79,-82,-86,-80,-80,-86,,,,,,,-86,-102,-88,-85,-89,-105,-86,-102,-91
2,2,3,-75,-70,-72,-79,-79,-84,-89,-89,-90,-90,-88,-94,-77,-73,-74,-77,-79,-76,-87,-89,-89
5,2,2,-85,-85,-83,-83,-80,-83,,,,,,,-87,-86,-84,-78,-81,-81,-86,-89,-105
1,2,3,-73,-73,-74,-78,-81,-81,,,,-85,-91,-90,-78,-78,-78,-79,-78,-78,-91,-107,-120
2,2,3,-71,-70,-71,-79,-84,-83,-91,-91,-91,,,,-79,-86,-86,-78,-80,-79,-106,-89,-93
1,2,3,-72,-72,-72,-84,-82,-82,-90,-90,-106,-85,-84,-84,-78,-77,-78,-79,-77,-78,-90,-106,-120
2,2,2,-83,-81,-82,-84,-81,-83,,,,,,,-86,-88,-85,-82,-79,-82,-88,-88,-87
2,2,3,-71,-75,-72,-81,-81,-81,-91,-91,-90,,,,-82,-83,-82,-77,-79,-79,-89,-89,-89
1,2,3,-72,-72,-72,-81,-80,-79,,,,-91,-87,-84,-77,-76,-77,-76,-77,-79,-106,-90,-89
2,2,2,-78,-82,-82,-82,-83,-81,-90,-90,-92,,,,-85,-85,-84,-82,-80,-78,-88,-89,-105
2,2,3,-71,-71,-69,-82,-82,-83,,,,,,,-81,-81,-81,-78,-80,-79,-90,-87,-87
1,2,3,-72,-76,-75,-80,-79,-78,,,,-86,-93,-109,-77,-80,-82,-79,-78,-81,-91,-91,-91
2,2,3,-70,-70,-69,-83,-82,-84,-88,-88,-90,,,,-81,-83,-82,-77,-78,-78,-89,-105,-90
2,2,2,-84,-81,-78,-82,-90,-85,,,,,,,-84,-85,-78,-80,-96,-77,-86,-87,-103
5,2,2,-80,-77,-83,-75,-80,-89,-92,-92,-108,-89,-89,-89,-83,-83,-84,-77,-77,-79,-88,-88,-85
2,2,3,-77,-76,-80,-78,-84,-87,-90,-90,-106,-88,-92,-108,-82,-83,-82,-78,-79,-80,-89,-89,-105
2,2,3,-73,-73,-72,-79,-78,-81,-86,-86,-86,-89,-88,-88,-82,-81,-78,-82,-78,-78,-85,-88,-90
5,2,2,-80,-80,-80,-83,-83,-85,,,,,,,-88,-89,-89,-79,-75,-77,-106,-120,-120
1,2,3,-74,-77,-74,-83,-85,-82,-90,-90,-92,,,,-75,-74,-76,-76,-77,-74,-87,-87,-103
2,2,3,-73,-74,-76,-77,-80,-80,-87,-88,-91,-87,-92,-108,-81,-79,-79,-78,-73,-75,-88,-88,-92
1,2,3,-75,-76,-76,-83,-83,-80,-91,-91,-88,,,,-76,-78,-79,-79,-78,-78,-91,-91,-89
1,2,3,-71,-73,-74,-77,-75,-75,-90,-91,-91,-87,-86,-87,-80,-80,-79,-79,-79,-78,-86,-85,-84
2,2,2,-87,-103,-90,-81,-80,-79,,,,,,,-82,-82,-85,-99,-115,-90,,,
1,2,3,-68,-68,-69,-75,-74,-74,-87,-84,-84,-87,-85,-84,-75,-77,-77,-83,-77,-81,-89,-85,-83
2,2,3,-77,-77,-78,-82,-83,-84,-93,-92,-108,,,,-79,-79,-81,-78,-78,-78,,,
5,2,2,-82,-77,-78,-78,-78,-78,,,,,,,-82,-82,-82,-75,-76,-76,,,
2,2,3,-73,-79,-77,-80,-85,-84,-91,-107,-120,-107,-120,-120,-80,-80,-79,-78,-83,-83,-89,-89,-88
2,2,2,-73,-78,-78,-87,-84,-82,,,,,,,-89,-88,-88,-82,-83,-99,-92,-92,-89
1,2,3,-73,-76,-73,-76,-77,-76,-88,-88,-87,-87,-87,-87,-79,-78,-77,-83,-82,-80,-91,-91,-88
1,2,2,-81,-82,-81,-81,-82,-82,,,,,,,-86,-88,-88,-82,-77,-77,-87,-103,-119
1,2,3,-78,-76,-76,-84,-84,-85,,,,,,,-80,-83,-84,-84,-85,-84,-87,-88,-89
1,2,3,-73,-72,-73,-74,-75,-76,-90,-90,-89,-86,-86,-86,-78,-78,-78,-75,-75,-75,-89,-89,-89
5,2,2,-86,-102,-118,-87,-92,-79,,,,,,,-84,-89,-87,-82,-82,-82,,,
1,2,3,-77,-77,-80,-84,-85,-84,,,,,,,-81,-81,-78,-85,-87,-87,-89,-88,-88
2,2,3,-72,-74,-74,-75,-76,-76,-88,-89,-89,-84,-85,-86,-80,-78,-79,-75,-76,-78,-88,-88,-90
2,2,2,-80,-78,-80,-81,-84,-84,,,,,,,-87,-87,-92,-81,-83,-88,-89,-105,-120
1,2,3,-74,-72,-70,-82,-83,-84,-90,-106,-120,,,,-82,-81,-80,-84,-82,-83,-87,-89,-88
1,2,3,-73,-74,-74,-76,-77,-78,-88,-88,-89,-86,-88,-87,-79,-78,-79,-80,-80,-76,-93,-109,-94
2,2,2,-80,-82,-81,-81,-81,-81,,,,,,,-88,-90,-90,-81,-81,-82,-89,-89,-88
2,2,3,-74,-75,-76,-80,-81,-81,,,,,,,-85,-85,-85,-75,-76,-77,-92,-91,-90
2,2,3,-75,-74,-75,-77,-77,-76,-89,-90,-89,-89,-89,-88,-78,-78,-79,-78,-76,-76,-88,-89,-89
5,2,2,-84,-86,-86,-82,-98,-114,,,,,,,-92,-88,-87,-89,-81,-81,,,
2,2,3,-74,-73,-73,-81,-81,-80,,,,,,,-84,-84,-86,-75,-75,-76,-89,-89,-89
2,2,3,-72,-75,-75,-80,-83,-82,,,,-91,-107,-120,-85,-85,-84,-78,-78,-79,-87,-87,-88
2,2,2,-82,-76,-74,-82,-83,-82,,,,,,,-107,-91,-84,-85,-77,-81,-108,-120,-120
2,2,3,-72,-73,-74,-79,-78,-79,-89,-89,-89,-89,-88,-88,-78,-79,-81,-79,-78,-78,-92,-92,-108
2,2,3,-74,-74,-74,-83,-82,-83,,,,,,,-82,-84,-83,-79,-81,-81,-88,-89,-88
1,2,3,-73,-73,-73,-77,-77,-77,-89,-89,-89,-87,-87,-89,-79,-79,-79,-81,-81,-78,-91,-92,-90
5,2,2,-85,-85,-84,-85,-84,-85,,,,,,,-88,-104,-89,-86,-86,-87,,,
2,2,3,-74,-74,-74,-81,-84,-84,,,,-90,-90,-90,-89,-86,-81,-83,-81,-80,-89,-90,-88
2,2,3,-66,-66,-66,-77,-79,-79,-87,-85,-85,-90,-87,-87,-83,-87,-88,-77,-79,-73,-84,-85,-86
2,2,3,-69,-69,-68,-85,-84,-83,-89,-92,-90,-91,-87,-90,-80,-82,-86,-84,-83,-80,-89,-88,-90
2,2,3,-65,-66,-66,-77,-77,-77,-86,-86,-87,-87,-89,-88,-86,-87,-87,-73,-73,-73,-84,-88,-88
2,2,2,-70,-86,-69,-82,-83,-82,,,,-108,-120,-90,-85,-101,-90,-85,-85,-82,,,
2,2,2,-69,-69,-70,-82,-81,-81,,,,-120,-120,-120,-92,-84,-83,-84,-82,-84,-120,-120,-120
2,2,3,-69,-68,-68,-77,-77,-77,-87,-86,-86,-87,-87,-87,-86,-86,-87,-73,-75,-75,-88,-89,-90
2,2,2,-67,-68,-68,-83,-81,-81,,,,-89,-89,-90,-83,-81,-81,-80,-79,-82,,,
2,2,3,-65,-66,-65,-78,-78,-78,-90,-90,-90,,,,-85,-85,-86,-79,-76,-76,-89,-91,-89
2,2,3,-67,-66,-67,-77,-77,-77,-87,-86,-85,-87,-87,-88,-83,-83,-83,-75,-75,-76,-88,-89,-89
2,2,3,-68,-66,-66,-80,-79,-80,-88,-89,-90,,,,-84,-84,-85,-77,-79,-80,,,
5,6,2,,,,-81,-81,-81,,,,,,,,,,-84,-84,-78,-84,-85,-88
2,2,3,-71,-71,-71,-76,-76,-76,-86,-87,-86,-90,-88,-87,-84,-83,-83,-77,-77,-77,-88,-89,-90
2,2,3,-74,-74,-74,-82,-85,-87,-90,-92,-108,-89,-90,-106,-84,-83,-81,-79,-79,-79,-91,-87,-85
2,2,2,-73,-71,-69,-85,-82,-82,,,,-92,-108,-120,-88,-104,-89,-84,-84,-87,-108,-120,-120
2,2,3,-72,-71,-69,-82,-83,-84,-85,-85,-86,-91,-107,-120,-82,-84,-81,-79,-78,-76,-103,-119,-120
2,2,2,-73,-73,-74,-83,-90,-88,,,,,,,-91,-89,-89,-85,-87,-89,,,
1,2,3,-75,-77,-78,-84,-83,-81,-89,-89,-89,-91,-107,-120,-78,-78,-78,-83,-81,-80,-90,-90,-90
2,2,2,-74,-74,-75,-85,-90,-88,,,,-85,-85,-91,-92,-91,-107,-82,-82,-83,,,
2,2,3,-69,-68,-68,-83,-84,-84,-86,-86,-87,,,,-82,-81,-81,-78,-78,-80,,,
2,2,3,-74,-74,-74,-83,-81,-79,-107,-120,-90,-90,-92,-108,-81,-85,-82,-82,-79,-79,-88,-88,-90
2,2,2,-74,-70,-71,-83,-86,-85,,,,-90,-90,-91,-88,-88,-86,-87,-79,-79,,,
2,2,3,-66,-66,-66,-84,-82,-81,-83,-84,-84,,,,-83,-83,-84,-80,-80,-76,-86,-86,-86
2,2,2,-78,-85,-87,-84,-84,-88,-91,-91,-107,,,,-90,-106,-120,-81,-80,-96,,,
2,2,3,-66,-62,-61,-81,-81,-83,-83,-88,-88,-88,-88,-93,-83,-79,-78,-76,-80,-78,-87,-87,-103
2,2,2,-84,-80,-79,-88,-85,-86,,,,,,,-90,-90,-93,-85,-85,-86,,,
1,2,2,-78,-84,-88,-94,-110,-120,,,,,,,-87,-103,-119,,,,,,
2,2,3,-72,-72,-74,-76,-77,-77,-90,-90,-90,,,,-80,-81,-85,-78,-78,-78,-90,-90,-88
2,2,3,-69,-67,-68,-85,-85,-83,-90,-106,-120,,,,-87,-88,-90,-75,-77,-77,,,
2,2,2,-74,-74,-76,-83,-83,-89,-90,-90,-106,-88,-87,-87,-87,-87,-90,-85,-83,-97,-91,-107,-120
1,1,3,-60,-60,-60,-77,-77,-77,-87,-87,-87,-91,-89,-89,-84,-85,-84,-82,-82,-82,-90,-89,-88
2,2,3,-69,-69,-69,-84,-88,-89,,,,-91,-91,-93,-90,-88,-88,-77,-78,-78,,,
2,2,3,-74,-75,-74,-76,-75,-82,-91,-90,-91,-90,-106,-120,-82,-81,-80,-80,-81,-79,-89,-89,-88
2,2,2,-80,-79,-81,-82,-83,-81,,,,-94,-87,-90,-88,-88,-86,-84,-83,-85,-91,-91,-90
2,2,3,-58,-60,-60,-77,-75,-76,-90,-106,-120,-92,-89,-89,-76,-77,-78,-80,-84,-74,-87,-86,-85
2,2,3,-70,-69,-70,-86,-85,-85,,,,,,,-88,-91,-107,-78,-81,-80,,,
2,2,3,-81,-76,-73,-84,-81,-82,-88,-90,-106,-89,-90,-106,-84,-85,-83,-82,-84,-83,-108,-120,-120
2,2,2,-69,-67,-65,-84,-83,-83,-88,-87,-95,,,,-89,-89,-88,-87,-84,-83,-109,-120,-120
2,2,2,-77,-79,-79,-89,-89,-105,,,,-93,-109,-120,-91,-90,-88,-88,-91,-107,,,
2,2,3,-70,-71,-70,-85,-86,-85,,,,,,,-90,-106,-120,-78,-79,-79,,,
1,1,3,-58,-60,-63,-83,-76,-77,-93,-109,-87,-89,-90,-89,-73,-75,-78,-81,-78,-81,-90,-89,-90
6,6,2,,,,-79,-80,-77,,,,,,,,,,-88,-88,-88,-76,-75,-74
2,2,2,-87,-66,-66,-83,-84,-84,-114,-120,-120,-108,-120,-120,-94,-94,-90,-87,-87,-84,,,
1,2,3,-72,-74,-78,-86,-85,-81,-91,-107,-120,,,,-83,-83,-83,-83,-84,-85,,,
1,2,3,-60,-60,-61,-77,-78,-79,-87,-88,-88,-90,-90,-85,-80,-80,-80,-85,-83,-84,-93,-91,-89
1,2,3,-66,-63,-62,-80,-79,-80,-86,-90,-91,-89,-88,-86,-79,-79,-83,-81,-83,-82,-89,-91,-88
2,2,3,-71,-69,-71,-77,-78,-77,-92,-89,-89,-90,-86,-87,-82,-82,-81,-85,-78,-76,-84,-85,-85
2,2,3,-71,-64,-65,-79,-75,-74,-89,-92,-108,-86,-88,-88,-84,-84,-81,-77,-80,-82,-86,-84,-85
4,4,2,,,,-91,-86,-87,-79,-78,-79,,,,,,,-81,-79,-79,,,
1,2,2,-69,-67,-67,-86,-84,-86,,,,-88,-104,-120,-101,-85,-85,-85,-85,-85,-88,-104,-84
2,2,3,-62,-62,-62,-83,-80,-85,-90,-88,-89,-88,-88,-88,-84,-85,-85,-76,-76,-75,-91,-107,-84
1,2,2,-77,-72,-72,-83,-80,-81,,,,-84,-85,-101,-85,-101,-86,-82,-81,-83,-88,-87,-87
4,4,3,,,,-82,-84,-86,-75,-76,-75,-88,-91,-88,-94,-89,-90,-83,-79,-79,-91,-107,-91
4,4,3,,,,-86,-87,-83,-67,-66,-66,-81,-82,-82,-86,-89,-87,-71,-71,-73,-89,-88,-89
7,4,2,,,,-86,-84,-85,-78,-78,-78,-82,-81,-81,-81,-81,-81,-79,-79,-83,-89,-90,-106
4,4,3,,,,-83,-84,-84,-73,-74,-76,-85,-86,-86,,,,-78,-78,-75,,,
4,4,3,,,,-85,-83,-85,-74,-73,-77,-83,-85,-86,-91,-90,-91,-81,-83,-80,-91,-89,-105
4,4,3,-91,-89,-91,-85,-83,-82,-68,-68,-67,-83,-83,-82,-86,-87,-85,-73,-73,-71,-88,-86,-86
4,4,2,,,,-86,-87,-86,-77,-78,-76,-84,-84,-82,-87,-88,-86,-79,-79,-79,-90,-88,-90
4,4,2,,,,-81,-97,-87,-78,-81,-80,-88,-87,-83,-90,-84,-88,-81,-81,-80,,,
4,4,3,-107,-120,-120,-83,-82,-80,-73,-74,-73,-87,-86,-85,-89,-105,-92,-80,-79,-81,-90,-91,-91
4,4,3,-93,-93,-90,-85,-82,-84,-67,-67,-69,-83,-85,-85,-87,-86,-86,-71,-71,-72,-87,-87,-87
4,4,2,,,,-85,-88,-88,-75,-74,-74,,,,,,,-85,-89,-85,-89,-90,-106
4,4,2,,,,-83,-83,-83,-73,-73,-74,-82,-83,-82,-77,-80,-81,-76,-77,-77,-88,-104,-89
4,4,3,,,,-82,-81,-81,-82,-79,-73,-88,-87,-89,-90,-89,-90,-82,-78,-78,-88,-89,-89
4,4,3,,,,-79,-81,-83,-66,-65,-69,-84,-83,-82,-88,-85,-84,-74,-72,-72,-85,-85,-86
4,4,2,-92,-92,-90,-82,-84,-87,-74,-75,-75,-82,-81,-81,-81,-80,-82,-75,-76,-76,-88,-87,-86
4,4,3,,,,-81,-81,-81,-76,-77,-76,-86,-86,-87,-89,-89,-89,-80,-80,-79,-89,-89,-88
4,4,3,,,,-84,-83,-83,-66,-68,-71,-82,-82,-82,-84,-84,-84,-73,-73,-72,-84,-84,-86
4,4,2,,,,-83,-86,-84,-76,-76,-73,-84,-80,-84,-81,-89,-88,-81,-84,-83,-92,-108,-120
4,4,3,-105,-91,-91,-84,-84,-82,-76,-79,-78,-80,-82,-83,-84,-86,-89,-75,-77,-80,-91,-107,-120
4,4,2,,,,-84,-100,-89,-76,-77,-76,-87,-87,-87,,,,-81,-81,-81,,,
4,4,2,,,,-82,-84,-84,-74,-74,-76,-106,-88,-87,,,,-79,-78,-79,,,
4,4,3,-89,-105,-120,-83,-86,-87,-74,-76,-76,-86,-87,-85,-85,-89,-90,-78,-78,-77,-90,-90,-106
4,4,2,,,,-85,-85,-88,-74,-75,-81,-87,-87,-91,-92,-92,-90,-79,-79,-80,,,
4,4,3,,,,-85,-81,-83,-70,-74,-77,-84,-82,-82,-83,-86,-89,-78,-76,-77,-89,-90,-92
4,4,2,,,,-102,-118,-120,-81,-77,-76,-86,-87,-87,,,,-80,-80,-80,,,
4,4,2,,,,-90,-88,-89,-87,-81,-78,-89,-89,-90,,,,-81,-86,-84,-89,-105,-120
4,4,3,-92,-90,-91,-84,-83,-83,-75,-73,-74,-86,-84,-85,-87,-89,-91,-80,-81,-78,,,
4,4,3,-90,-88,-88,-84,-85,-86,-76,-74,-74,-85,-84,-85,-88,-88,-88,-78,-77,-77,,,
4,4,2,,,,-90,-90,-86,-74,-75,-80,-89,-88,-87,,,,-77,-78,-79,,,
4,4,3,-92,-92,-88,-85,-87,-87,-74,-76,-77,-85,-86,-85,-85,-90,-90,-77,-78,-77,,,
4,4,2,,,,-83,-84,-83,-74,-75,-76,-85,-87,-86,,,,-77,-78,-78,,,
4,4,3,-90,-91,-90,-82,-81,-81,-73,-74,-71,-88,-89,-88,-86,-86,-88,-78,-78,-80,-90,-90,-92
4,4,2,,,,-84,-87,-87,-76,-76,-75,-86,-86,-85,,,,-78,-78,-79,,,
4,4,2,,,,-102,-118,-120,-80,-80,-80,,,,,,,-89,-105,-84,,,
4,4,3,-89,-90,-90,-84,-85,-86,-74,-74,-74,-89,-87,-87,-87,-87,-88,-81,-81,-80,-90,-88,-89
4,4,2,,,,-88,-104,-86,-77,-77,-77,-85,-83,-99,,,,-78,-77,-93,-91,-107,-120
4,4,3,,,,-88,-89,-89,-76,-78,-77,-81,-82,-81,-93,-89,-90,-77,-77,-78,-91,-107,-120
4,4,2,,,,-84,-89,-90,-77,-81,-79,-87,-88,-88,-88,-91,-94,-83,-85,-87,-90,-90,-87
4,4,3,-90,-106,-120,-85,-85,-84,-79,-75,-73,-82,-81,-83,-88,-85,-85,-79,-79,-78,-89,-88,-92
4,4,2,,,,-89,-92,-87,-79,-77,-80,-102,-87,-84,-83,-83,-86,-81,-77,-78,,,
4,4,3,,,,-82,-86,-85,-72,-73,-71,-89,-85,-85,-89,-90,-89,-84,-83,-84,-88,-87,-86
4,4,3,,,,-83,-86,-85,-75,-76,-79,-80,-80,-80,-83,-84,-84,-84,-82,-80,-90,-88,-90
4,4,2,-91,-91,-92,-83,-82,-86,-76,-73,-70,-85,-82,-79,-86,-84,-88,-78,-76,-78,-90,-90,-89
4,4,2,,,,-88,-83,-83,-72,-88,-84,-104,-120,-89,-120,-120,-91,-91,-89,-84,-86,-86,-102
4,4,2,,,,-87,-86,-84,-76,-74,-81,-87,-92,-89,-89,-89,-87,-84,-85,-87,-89,-105,-120
4,4,3,-93,-93,-90,-79,-79,-80,-73,-74,-73,-90,-86,-83,-85,-87,-90,-83,-81,-79,-88,-87,-87
4,4,3,,,,-83,-86,-85,-80,-74,-74,-80,-82,-82,-81,-82,-85,-80,-85,-84,-92,-108,-92
4,4,2,,,,,,,-80,-80,-79,-93,-89,-87,,,,-85,-82,-82,,,
4,4,2,-120,-120,-120,-85,-85,-83,-74,-80,-75,-83,-85,-83,-89,-89,-85,-77,-78,-76,-91,-91,-90
4,4,2,,,,-87,-87,-81,-77,-76,-75,-91,-91,-107,,,,-91,-81,-81,,,
4,4,3,,,,-78,-78,-80,-77,-78,-78,-88,-86,-84,-85,-89,-105,-83,-80,-79,-89,-89,-89
4,4,3,-107,-120,-90,-79,-84,-86,-74,-79,-80,-82,-83,-84,-91,-90,-106,-80,-85,-85,-90,-93,-92
4,4,2,-93,-93,-93,-88,-83,-82,-77,-77,-77,-84,-85,-86,-87,-87,-90,-83,-81,-79,-89,-88,-87
4,4,3,,,,-86,-87,-86,-65,-66,-66,-81,-81,-81,-85,-85,-86,-74,-73,-72,-91,-89,-87
4,4,3,,,,-84,-82,-81,-81,-82,-81,-87,-87,-81,-87,-89,-105,-78,-77,-76,-89,-89,-88
4,4,2,,,,-83,-87,-86,-79,-74,-73,-88,-90,-106,-91,-91,-90,-80,-80,-83,-90,-90,-86
4,4,3,,,,-84,-87,-84,-67,-68,-65,-81,-80,-80,-87,-86,-86,-74,-73,-72,-86,-86,-87
4,4,3,,,,-87,-84,-82,-74,-74,-76,-82,-83,-85,-87,-87,-88,-81,-82,-83,-90,-89,-88
4,4,2,,,,-87,-82,-82,-79,-76,-74,-87,-88,-82,-91,-91,-89,-81,-81,-82,-87,-87,-103
4,4,3,,,,-82,-83,-81,-66,-66,-65,-78,-79,-82,-86,-84,-85,-75,-75,-75,-89,-87,-88
4,4,3,-90,-90,-90,-83,-83,-85,-72,-72,-73,-82,-82,-81,-88,-90,-90,-76,-77,-76,-85,-86,-86
4,4,2,,,,-88,-90,-86,-76,-75,-74,-94,-88,-86,-86,-89,-88,-82,-81,-81,-105,-87,-87
4,4,3,-105,-120,-120,-85,-87,-88,-73,-71,-72,-85,-87,-86,-86,-87,-90,-76,-76,-76,-86,-89,-89
4,4,3,,,,-86,-89,-87,-75,-74,-75,-85,-85,-86,-89,-105,-90,-76,-79,-82,-87,-88,-88
4,4,2,,,,-92,-91,-85,-76,-75,-75,-91,-91,-91,-91,-107,-120,-83,-84,-84,-89,-92,-89
4,4,3,-91,-91,-107,-82,-82,-82,-72,-73,-72,-79,-78,-79,-85,-87,-89,-73,-73,-76,-89,-89,-88
4,4,2,-90,-90,-89,-85,-86,-86,-71,-72,-75,-90,-90,-87,,,,-76,-80,-81,-91,-91,-107
4,4,3,,,,-81,-82,-85,-71,-72,-75,-86,-83,-80,-90,-106,-120,-78,-75,-75,-106,-120,-120
4,4,3,,,,-86,-87,-86,-74,-76,-75,-90,-87,-86,,,,-76,-76,-77,-88,-88,-89
4,4,3,-92,-108,-120,-84,-83,-85,-72,-72,-69,-78,-80,-79,-88,-88,-88,-78,-79,-79,-87,-87,-88
4,4,3,,,,-83,-80,-80,-71,-70,-69,-82,-83,-82,-93,-93,-89,-76,-77,-78,-89,-89,-87
4,4,3,-89,-89,-89,-84,-83,-86,-73,-73,-76,-83,-84,-84,-91,-107,-91,-81,-78,-79,-87,-89,-91
4,4,2,,,,-87,-88,-87,-76,-76,-74,-87,-88,-88,,,,-83,-81,-78,-120,-91,-91
4,4,3,-89,-90,-106,-85,-86,-85,-71,-73,-73,-78,-80,-81,-89,-90,-89,-76,-75,-74,-87,-88,-87
4,4,3,,,,-81,-83,-87,-77,-75,-70,-83,-81,-82,-90,-90,-90,-76,-77,-78,-88,-104,-120
4,4,2,,,,-85,-85,-85,-73,-75,-74,-88,-87,-87,,,,-80,-80,-81,-90,-90,-106
4,4,3,,,,-86,-86,-85,-77,-72,-76,-84,-84,-85,-88,-87,-86,-81,-83,-86,-92,-89,-90
4,4,2,,,,-87,-86,-87,-70,-72,-75,-88,-88,-86,-87,-87,-90,-82,-83,-82,-90,-90,-90
4,4,2,-94,-91,-107,-87,-88,-104,-74,-72,-74,-90,-85,-84,,,,-87,-77,-76,-87,-87,-86
4,4,3,-91,-90,-89,-88,-84,-83,-69,-70,-69,-83,-85,-85,-87,-88,-88,-77,-74,-74,-88,-104,-120
4,4,3,,,,-87,-85,-86,-74,-74,-74,-84,-93,-88,-91,-91,-87,-83,-79,-76,-90,-90,-91
4,4,3,,,,-85,-83,-86,-79,-74,-72,-87,-84,-84,-85,-82,-82,-82,-77,-80,-87,-87,-89
4,4,2,,,,-84,-84,-86,-75,-73,-73,-83,-84,-90,-91,-94,-89,-81,-81,-81,-90,-90,-89
4,4,2,,,,-86,-85,-86,-73,-71,-77,-84,-82,-83,-84,-85,-92,-77,-79,-81,-91,-87,-90
4,4,3,,,,-84,-84,-84,-73,-72,-73,-84,-85,-83,-88,-88,-89,-76,-80,-82,,,
4,4,3,,,,-86,-88,-85,-71,-68,-68,-86,-84,-84,-87,-89,-89,-82,-79,-79,-91,-107,-89
4,4,2,,,,-85,-85,-85,-79,-80,-78,-91,-88,-88,-92,-87,-103,-85,-89,-84,-88,-104,-120
4,4,2,,,,-86,-87,-103,-70,-69,-72,-87,-85,-101,-88,-89,-88,-81,-78,-79,-90,-95,-111
4,4,3,-91,-91,-91,-84,-83,-82,-74,-74,-71,-81,-81,-82,-87,-86,-88,-75,-74,-76,-89,-88,-88
4,4,3,,,,-79,-79,-80,-74,-73,-71,-88,-86,-86,-87,-85,-86,-80,-81,-79,-89,-89,-89
5,4,2,,,,-86,-102,-87,-87,-87,-83,-89,-89,-89,,,,-84,-80,-83,-87,-87,-103
4,4,2,,,,-93,-87,-83,-76,-71,-67,-98,-81,-81,-88,-89,-85,-78,-94,-78,-89,-89,-88
4,4,3,,,,-83,-84,-84,-68,-70,-71,-81,-82,-84,-81,-81,-82,-80,-81,-81,-90,-86,-87
4,4,3,,,,-82,-85,-86,-79,-79,-80,-91,-91,-107,-92,-108,-91,-82,-80,-85,-109,-91,-89
4,4,3,-90,-90,-91,-82,-80,-82,-71,-71,-70,-82,-83,-81,-87,-85,-86,-75,-75,-76,-88,-88,-88
4,4,2,,,,-83,-83,-84,-70,-68,-70,-84,-100,-88,-85,-101,-117,-79,-79,-80,-88,-89,-88
4,4,3,,,,-82,-84,-85,-73,-69,-72,-83,-85,-86,-82,-82,-82,-80,-80,-81,-87,-87,-87
4,4,3,-91,-88,-86,-82,-85,-87,-69,-71,-71,-80,-80,-80,-87,-88,-88,-74,-74,-74,-88,-90,-86
4,4,3,,,,-83,-79,-78,-77,-74,-75,-80,-75,-76,-90,-86,-87,-78,-78,-78,-91,-90,-106
4,4,2,,,,-89,-89,-87,-78,-80,-75,-86,-86,-91,,,,-80,-81,-80,-90,-90,-91
4,4,3,,,,-90,-88,-87,-68,-68,-70,-89,-87,-87,-90,-87,-86,-81,-83,-83,,,
4,4,2,,,,-90,-106,-85,-80,-85,-74,-89,-89,-93,-91,-89,-93,-80,-84,-86,,,
4,4,3,,,,-78,-82,-79,-73,-72,-70,-79,-78,-77,-87,-85,-86,-75,-75,-75,-107,-88,-88
4,4,3,,,,-87,-87,-87,-74,-71,-70,-81,-85,-86,-102,-118,-120,-77,-77,-77,,,
5,6,2,,,,-79,-75,-78,,,,,,,,,,-81,-97,-85,-107,-85,-86
4,4,3,-106,-120,-91,-84,-83,-83,-71,-72,-75,-81,-78,-78,-89,-89,-89,-74,-75,-75,-91,-88,-88
4,4,2,,,,-87,-89,-87,-75,-76,-84,-85,-86,-84,,,,-77,-82,-87,-92,-108,-90
4,4,3,-91,-93,-90,-82,-80,-82,-72,-73,-70,-80,-81,-82,-85,-86,-85,-73,-74,-75,-88,-88,-89
4,4,2,,,,-87,-87,-89,-77,-77,-77,-83,-82,-82,-93,-94,-110,-82,-81,-81,,,
4,4,3,,,,-83,-83,-84,-70,-72,-73,-84,-84,-86,-91,-85,-85,-78,-78,-78,,,
4,4,2,,,,-86,-86,-89,-79,-78,-94,-93,-88,-88,,,,-85,-85,-83,,,
4,4,3,,,,-85,-81,-84,-70,-71,-74,-77,-77,-76,-88,-88,-87,-77,-78,-78,-84,-88,-89
6,6,2,,,,-84,-79,-79,,,,,,,,,,-83,-80,-78,-83,-81,-81
4,4,2,,,,-89,-90,-89,-77,-78,-77,-89,-88,-89,-92,-91,-107,-86,-85,-87,,,
4,4,3,,,,-83,-83,-83,-69,-67,-68,-82,-80,-83,-80,-83,-83,-81,-83,-83,-91,-107,-120
4,4,3,,,,-86,-85,-84,-75,-77,-79,-83,-88,-84,-83,-83,-85,-80,-80,-80,-88,-85,-85
4,4,2,,,,-88,-88,-89,-83,-84,-80,-90,-89,-87,,,,-79,-79,-82,-89,-89,-91
4,4,3,-89,-89,-89,-80,-80,-84,-67,-68,-68,-85,-87,-82,-85,-84,-86,-78,-79,-78,-87,-87,-87
4,4,2,,,,-89,-91,-90,-76,-75,-74,-87,-89,-91,-86,-87,-86,-86,-85,-84,-89,-90,-90
4,4,3,-109,-120,-90,-85,-83,-80,-74,-76,-78,-101,-82,-79,-85,-81,-81,-77,-79,-80,-89,-89,-88
3,4,3,,,,-83,-84,-84,-77,-74,-75,-85,-81,-82,-82,-83,-83,-76,-75,-76,-90,-90,-90
4,4,2,,,,-90,-106,-120,-76,-83,-82,-89,-105,-120,-86,-91,-88,-84,-86,-86,,,
7,4,3,,,,-85,-85,-85,-75,-72,-71,-81,-83,-84,-83,-86,-84,-78,-76,-76,-88,-90,-90
4,4,3,,,,-86,-86,-86,-75,-77,-80,-84,-81,-81,-85,-84,-83,-76,-76,-77,-90,-89,-86
4,4,3,-90,-92,-89,-85,-83,-84,-72,-71,-71,-81,-81,-83,-86,-87,-88,-78,-78,-77,,,
3,4,2,,,,-93,-89,-89,-76,-76,-77,-106,-120,-120,-87,-88,-88,-87,-87,-85,,,
4,4,3,-91,-107,-120,-85,-85,-85,-78,-80,-78,-86,-85,-83,-85,-86,-85,-78,-79,-80,-90,-88,-91
4,4,2,,,,-93,-93,-89,-86,-76,-74,-91,-107,-120,-86,-89,-92,-85,-86,-88,,,
4,4,3,-90,-90,-90,-86,-87,-85,-77,-76,-74,-80,-84,-83,-89,-86,-85,-80,-79,-79,-88,-89,-89
4,4,3,,,,-85,-85,-85,-75,-72,-72,-84,-84,-84,-82,-83,-82,-78,-79,-78,-89,-89,-89
4,4,3,,,,-84,-84,-82,-74,-73,-75,-80,-81,-79,-86,-87,-86,-79,-80,-82,-87,-87,-87
3,4,2,,,,-92,-89,-89,-75,-76,-76,-90,-90,-89,-86,-88,-89,-89,-90,-89,,,
4,4,3,,,,-83,-85,-83,-70,-68,-68,-85,-87,-88,-80,-79,-80,-78,-77,-76,,,
4,4,3,,,,-80,-82,-82,-78,-76,-76,-78,-81,-83,-85,-84,-81,-83,-82,-81,-88,-91,-107
5,5,1,-92,-92,-91,-79,-79,-77,,,,,,,,,,-78,-77,-77,,,
4,4,2,,,,-85,-87,-90,-77,-79,-84,-88,-84,-84,-90,-89,-105,-87,-87,-81,-91,-91,-107
4,4,3,,,,-82,-80,-80,-70,-69,-69,-87,-83,-82,-80,-79,-79,-76,-77,-77,,,
4,4,2,,,,-87,-90,-90,-71,-69,-68,-84,-84,-86,-88,-88,-104,-76,-76,-76,,,
4,4,2,,,,-87,-87,-86,-79,-82,-87,-86,-85,-85,-87,-87,-103,-81,-79,-80,,,
3,4,3,,,,-82,-82,-82,-78,-78,-77,-87,-89,-87,-85,-87,-86,-87,-89,-88,,,
4,4,3,,,,-83,-82,-80,-74,-72,-71,-85,-86,-85,-80,-80,-80,-75,-76,-78,-105,-120,-120
4,4,3,-106,-120,-120,-84,-86,-86,-76,-71,-67,-79,-79,-82,-85,-83,-86,-82,-82,-83,-90,-93,-109
5,6,2,-92,-92,-92,-77,-77,-76,,,,,,,,,,-84,-84,-86,-88,-87,-87
4,4,2,,,,-84,-83,-83,-65,-68,-70,-84,-86,-87,-84,-84,-84,-84,-84,-81,-93,-109,-120
4,4,3,,,,-86,-87,-87,-69,-70,-68,-89,-90,-106,-86,-85,-86,-82,-82,-83,,,
4,4,3,-104,-120,-90,-84,-82,-82,-74,-76,-77,-83,-84,-84,-81,-81,-81,-76,-76,-75,,,
4,4,2,,,,-81,-82,-83,-77,-78,-76,-86,-85,-85,-85,-85,-85,-83,-79,-80,-86,-86,-87
4,4,3,,,,-90,-91,-90,-71,-72,-71,-86,-86,-87,-89,-93,-89,-80,-83,-82,,,
4,4,2,,,,-85,-84,-84,-75,-74,-74,-82,-81,-81,-85,-85,-87,-81,-81,-80,-89,-91,-91
4,4,3,-90,-90,-106,-84,-81,-79,-73,-72,-72,-87,-84,-84,-81,-82,-85,-75,-76,-75,-90,-91,-91
4,4,3,,,,-92,-89,-90,-72,-71,-71,-90,-91,-88,-85,-85,-84,-84,-85,-85,,,
4,4,2,-93,-109,-120,-82,-81,-83,-70,-70,-70,-85,-86,-85,-85,-85,-86,-82,-82,-81,-91,-107,-120
4,4,3,,,,-88,-88,-88,-73,-75,-73,-89,-105,-94,-86,-86,-86,-83,-87,-86,,,
4,4,3,-89,-105,-120,-83,-85,-83,-74,-73,-73,-86,-81,-83,-84,-85,-86,-76,-77,-77,-89,-87,-88
5,4,2,,,,-80,-83,-84,-64,-64,-63,-87,-84,-83,-88,-81,-83,-81,-81,-82,,,
4,4,3,,,,-83,-82,-82,-67,-67,-67,-78,-76,-77,-86,-86,-84,-77,-78,-78,-92,-108,-91
4,4,3,-89,-89,-90,-80,-80,-80,-71,-72,-76,-87,-86,-86,-83,-82,-82,-78,-75,-77,-88,-88,-87
4,4,2,,,,-81,-81,-97,-73,-75,-76,-82,-82,-82,-90,-90,-89,-83,-85,-86,-91,-88,-88
4,4,3,,,,-83,-82,-82,-80,-80,-79,-91,-92,-93,-90,-106,-120,-86,-87,-86,-90,-93,-92
4,4,2,-89,-89,-88,-79,-81,-88,-79,-82,-98,-85,-89,-87,-83,-99,-115,-76,-75,-80,-86,-86,-102
4,4,3,-89,-89,-89,-82,-81,-83,-84,-82,-78,-85,-86,-86,-86,-85,-85,-75,-74,-77,-90,-88,-88
4,4,3,,,,-89,-87,-89,-80,-76,-76,-83,-83,-82,-83,-83,-82,-79,-81,-80,,,
4,4,2,-90,-90,-106,-86,-87,-89,-65,-68,-68,-82,-89,-91,-88,-104,-120,-78,-79,-85,,,
4,4,3,,,,-88,-88,-89,-69,-71,-67,-82,-81,-80,-87,-88,-86,-83,-84,-82,-89,-89,-88
4,4,3,,,,-79,-78,-82,-76,-78,-80,-89,-84,-87,-90,-80,-84,-80,-80,-81,-91,-92,-92
4,4,3,,,,-83,-83,-83,-83,-82,-79,-88,-88,-86,-88,-89,-89,-84,-84,-82,,,
3,4,2,,,,-99,-91,-88,-79,-78,-76,-86,-88,-83,-86,-84,-83,-86,-88,-91,,,
4,4,3,,,,-91,-107,-92,-80,-85,-82,-90,-91,-87,-91,-90,-90,-89,-88,-85,,,
4,4,2,,,,-88,-87,-85,-76,-72,-67,-86,-85,-83,-88,-86,-80,-88,-88,-76,,,
4,4,3,,,,-83,-83,-83,-77,-81,-81,-88,-89,-89,-91,-84,-82,-81,-84,-83,-92,-92,-108
5,4,3,-90,-90,-88,-81,-80,-80,-77,-75,-76,-86,-85,-84,-83,-82,-81,-80,-80,-78,-90,-89,-91
4,4,3,-90,-106,-120,-83,-83,-81,-76,-85,-82,-83,-83,-84,-83,-84,-88,-80,-80,-79,-93,-109,-120
6,6,3,-89,-85,-88,-74,-72,-73,-91,-91,-90,-90,-91,-91,,,,-81,-77,-76,-72,-73,-70
6,6,3,-91,-89,-88,-70,-71,-71,-90,-84,-84,-88,-88,-89,-89,-89,-90,-79,-75,-77,-73,-75,-78
6,6,2,-88,-87,-103,-85,-78,-79,,,,-89,-89,-105,,,,-78,-74,-75,-70,-72,-75
6,6,2,-91,-91,-88,-78,-76,-76,,,,,,,,,,-83,-83,-82,-82,-84,-83
6,6,3,-87,-90,-91,-76,-75,-74,-89,-90,-90,,,,,,,-80,-83,-83,-79,-74,-74
5,8,3,-92,-108,-91,-78,-79,-78,-88,-89,-91,,,,,,,-78,-81,-80,-85,-88,-86
5,5,1,-91,-91,-90,-74,-73,-73,,,,,,,,,,-77,-75,-76,,,
5,6,3,-87,-88,-87,-73,-74,-75,-86,-90,-85,-86,-88,-89,,,,-74,-74,-74,-76,-75,-75
6,6,3,-91,-107,-90,-77,-77,-80,-90,-92,-108,-90,-91,-107,,,,-78,-79,-79,-75,-76,-76
6,6,2,-89,-92,-92,-79,-82,-77,,,,,,,,,,-84,-80,-80,-79,-82,-80
5,6,3,-91,-87,-87,-73,-75,-75,-86,-86,-87,-86,-88,-87,,,,-76,-75,-75,-79,-78,-75
5,6,2,-88,-89,-105,-77,-80,-77,,,,,,,,,,-76,-77,-79,-84,-81,-81
5,6,3,,,,-76,-79,-76,,,,-90,-92,-108,,,,-79,-79,-81,-91,-90,-90
5,6,3,-90,-91,-88,-75,-75,-76,,,,,,,,,,-83,-81,-83,-84,-84,-83
6,6,3,-90,-90,-89,-72,-72,-71,-90,-93,-109,-89,-89,-89,,,,-78,-75,-75,-69,-69,-68
6,6,2,,,,-76,-74,-74,-88,-104,-120,-90,-106,-120,,,,-85,-82,-81,-78,-82,-90
5,6,3,-89,-90,-87,-76,-73,-74,-90,-90,-90,-91,-93,-109,,,,-74,-74,-79,-84,-85,-87
6,6,3,-86,-86,-86,-67,-68,-69,,,,-87,-89,-90,,,,-75,-74,-76,-72,-71,-71
5,6,3,-87,-88,-88,-77,-76,-77,,,,,,,,,,-83,-84,-85,-85,-85,-85
5,6,2,-105,-120,-120,-74,-78,-78,,,,,,,,,,-80,-80,-83,-84,-84,-85
6,6,3,-84,-87,-87,-72,-70,-69,-88,-88,-89,-89,-92,-89,,,,-82,-78,-78,-74,-77,-77
6,6,2,-87,-85,-86,-78,-77,-73,,,,,,,,,,-84,-85,-85,-78,-73,-75
6,6,3,-85,-86,-85,-69,-69,-68,,,,-89,-90,-89,,,,-73,-73,-75,-71,-71,-71
6,6,3,-85,-85,-85,-69,-69,-69,-89,-89,-89,-89,-89,-87,,,,-77,-77,-78,-76,-77,-78
6,6,2,-85,-86,-85,-75,-76,-76,,,,,,,,,,-82,-81,-82,-76,-79,-77
5,6,3,-92,-108,-120,-76,-77,-77,,,,,,,,,,-80,-80,-81,-86,-86,-87
6,6,3,-87,-88,-88,-68,-68,-68,-90,-90,-89,-91,-90,-89,,,,-77,-76,-75,-73,-71,-71
6,6,3,-85,-87,-90,-71,-72,-74,-90,-89,-86,-89,-88,-86,,,,-81,-78,-76,-76,-73,-77
6,6,2,-88,-91,-87,-71,-71,-72,-90,-91,-107,-90,-89,-105,,,,-77,-78,-81,-74,-76,-79
6,8,3,-89,-87,-87,-71,-71,-70,-93,-91,-107,-91,-88,-87,,,,-77,-76,-77,-68,-71,-70
6,6,2,,,,-77,-77,-75,,,,-91,-107,-120,,,,-82,-82,-98,-82,-82,-83
6,6,3,-88,-90,-106,-71,-75,-76,-90,-106,-120,-89,-87,-87,,,,-75,-76,-78,-74,-71,-69
6,6,3,-86,-86,-85,-75,-75,-72,-88,-88,-86,-88,-89,-105,,,,-81,-78,-80,-70,-72,-73
6,6,2,-85,-84,-85,-72,-73,-76,,,,,,,,,,-81,-82,-84,-77,-79,-81
5,6,3,-106,-120,-120,-78,-77,-76,,,,-106,-120,-120,,,,-82,-82,-79,-83,-83,-82
6,6,3,-83,-86,-83,-70,-68,-67,-91,-91,-91,,,,,,,-79,-79,-81,-76,-79,-74
5,6,3,-87,-87,-87,-75,-76,-77,,,,,,,,,,-80,-77,-77,-80,-77,-77
6,6,2,-92,-108,-120,-78,-81,-80,,,,,,,,,,-84,-85,-81,-86,-87,-88
6,6,3,-82,-81,-84,-67,-68,-69,-91,-92,-90,,,,,,,-80,-80,-79,-77,-77,-78
5,6,3,-87,-88,-89,-70,-70,-70,-90,-89,-89,-88,-87,-88,,,,-80,-78,-79,-81,-83,-82
6,6,2,-92,-108,-120,-74,-74,-74,,,,,,,,,,-81,-83,-83,-76,-76,-77
6,6,3,-85,-82,-83,-68,-69,-69,-91,-89,-93,-89,-89,-91,-93,-89,-91,-79,-78,-77,-76,-75,-74
6,6,3,-87,-88,-90,-78,-75,-73,-105,-120,-120,,,,,,,-83,-82,-83,-78,-79,-79
6,6,3,-79,-83,-85,-68,-66,-67,-89,-88,-89,,,,-90,-90,-106,-81,-79,-79,-80,-78,-75
5,6,2,-104,-120,-120,-80,-77,-76,,,,,,,,,,-80,-80,-80,-81,-81,-84
6,6,3,-87,-90,-89,-70,-70,-71,-90,-90,-90,,,,,,,-81,-80,-80,-69,-68,-70
6,6,3,-88,-87,-89,-78,-75,-76,-93,-91,-91,,,,,,,-75,-79,-79,-76,-77,-81
5,6,2,,,,-77,-81,-78,-90,-106,-120,,,,,,,-77,-81,-82,-82,-78,-77
6,6,3,-93,-89,-92,-71,-75,-77,-90,-89,-105,-91,-91,-91,,,,-80,-81,-81,-72,-75,-73
5,6,3,-83,-82,-82,-79,-80,-78,,,,,,,,,,-78,-78,-78,-84,-79,-78
6,6,2,-106,-120,-120,-73,-72,-72,-87,-88,-104,,,,,,,-76,-77,-79,-78,-78,-77
6,6,3,-88,-88,-89,-71,-72,-72,,,,-91,-90,-106,,,,-81,-82,-81,-72,-72,-72
6,6,3,-87,-87,-86,-74,-74,-74,-91,-90,-88,-88,-88,-87,,,,-72,-71,-76,-72,-71,-71
6,6,2,-86,-86,-87,-76,-70,-71,,,,,,,,,,-84,-81,-83,-73,-74,-76
6,6,3,-88,-87,-88,-81,-81,-80,-90,-90,-91,,,,,,,-85,-81,-83,-76,-76,-78
6,6,3,-84,-85,-87,-69,-70,-74,-92,-92,-87,-86,-88,-90,,,,-76,-76,-77,-73,-71,-70
5,6,3,-89,-89,-88,-75,-72,-72,-90,-90,-90,,,,,,,-77,-77,-77,-87,-84,-79
6,6,3,-84,-82,-82,-75,-76,-78,-88,-89,-93,-90,-90,-89,,,,-75,-78,-79,-71,-71,-74
6,6,2,-85,-85,-84,-74,-75,-75,,,,,,,,,,-82,-82,-77,-75,-75,-76
6,6,3,-87,-87,-86,-64,-63,-63,-88,-88,-89,-90,-89,-89,,,,-84,-86,-82,-79,-80,-77
5,6,2,-85,-101,-90,-57,-65,-65,-91,-91,-91,,,,,,,-79,-77,-75,-80,-80,-81
5,6,3,-92,-92,-108,-69,-64,-63,-91,-91,-90,-91,-107,-120,,,,-82,-80,-79,-84,-79,-79
6,6,3,-90,-92,-108,-55,-54,-61,,,,,,,,,,-81,-80,-80,-80,-79,-83
6,6,3,-84,-84,-88,-62,-64,-63,-88,-88,-88,-88,-88,-90,,,,-76,-76,-79,-79,-80,-79
6,6,2,-86,-88,-88,-68,-71,-68,-84,-90,-89,,,,,,,-79,-89,-80,-78,-81,-83
6,6,3,-94,-110,-91,-71,-66,-64,-110,-93,-91,-87,-87,-90,,,,-86,-83,-83,-81,-83,-83
5,6,3,-87,-87,-86,-65,-63,-67,-90,-90,-90,-89,-91,-90,-92,-92,-91,-79,-77,-78,-78,-80,-81
5,6,3,,,,-72,-76,-72,,,,-90,-95,-111,,,,-83,-83,-84,-82,-86,-86
5,6,2,-88,-87,-89,-62,-63,-63,-88,-89,-91,-90,-89,-105,,,,-80,-76,-77,-86,-81,-81
5,6,3,-87,-86,-88,-64,-65,-63,-88,-88,-88,-90,-90,-91,,,,-75,-74,-77,-81,-83,-84
5,6,2,,,,-67,-61,-66,,,,,,,,,,-80,-96,-89,-87,-86,-86
5,6,3,-90,-106,-120,-65,-67,-69,-109,-120,-120,-88,-90,-106,,,,-83,-82,-81,-81,-83,-84
5,6,2,-84,-85,-84,-60,-57,-58,,,,,,,,,,-79,-78,-78,-82,-79,-79
5,6,3,-87,-87,-86,-70,-73,-66,-89,-88,-89,,,,,,,-76,-77,-78,-81,-83,-83
5,6,3,-84,-84,-87,-69,-68,-68,-90,-106,-120,-89,-105,-89,,,,-74,-76,-78,-78,-79,-79
5,6,3,-105,-120,-120,-66,-66,-68,-88,-88,-89,-89,-90,-91,,,,-81,-79,-81,-84,-83,-80
5,6,2,-83,-82,-86,-62,-61,-59,-106,-90,-86,-93,-91,-107,,,,-81,-79,-78,-84,-82,-80
5,6,3,-85,-85,-87,-68,-66,-66,,,,-88,-88,-89,,,,-76,-77,-78,-79,-79,-78
8,8,2,,,,-86,-86,-87,,,,-82,-75,-75,,,,-91,-91,-87,-77,-76,-79
6,6,2,-87,-84,-86,-63,-66,-64,-81,-83,-84,-85,-86,-87,-92,-108,-120,-82,-81,-80,-75,-78,-82
5,6,3,-88,-87,-87,-70,-66,-64,-90,-84,-80,-83,-85,-101,,,,-80,-79,-79,-80,-80,-81
6,6,3,-87,-86,-88,-65,-64,-63,-87,-87,-86,-92,-90,-89,,,,-79,-78,-77,-80,-80,-79
5,6,3,-86,-87,-87,-60,-61,-61,-87,-88,-89,-88,-89,-89,,,,-79,-79,-79,-80,-80,-79
6,6,3,-89,-93,-109,-62,-61,-61,,,,,,,,,,-82,-83,-82,-79,-79,-79
6,6,2,-90,-89,-89,-66,-66,-66,-94,-90,-106,,,,,,,-80,-80,-82,-79,-79,-79
5,6,3,-87,-86,-85,-59,-61,-62,-88,-88,-89,-88,-87,-89,,,,-75,-74,-77,-79,-79,-78
6,6,3,-91,-89,-89,-66,-65,-65,-90,-88,-90,-87,-87,-87,,,,-86,-80,-79,-76,-75,-75
6,6,3,-91,-91,-89,-60,-61,-60,-87,-87,-88,-92,-108,-120,,,,-79,-79,-79,-82,-79,-79
6,6,2,-88,-104,-89,-79,-78,-71,,,,,,,,,,-84,-100,-116,-90,-87,-91
5,6,3,-89,-89,-87,-62,-61,-62,-89,-87,-87,-91,-90,-91,,,,-75,-77,-78,-79,-80,-78
6,6,3,-87,-91,-92,-68,-64,-63,-108,-120,-120,-92,-92,-91,,,,-79,-77,-78,-77,-78,-76
6,6,3,-89,-88,-89,-67,-65,-70,-90,-88,-87,-88,-88,-89,,,,-77,-81,-83,-75,-77,-81
6,6,2,-86,-102,-87,-58,-59,-75,-88,-89,-105,-88,-91,-107,,,,-79,-80,-74,-83,-82,-89
6,6,3,-89,-105,-120,-70,-68,-66,,,,-88,-89,-89,,,,-79,-79,-78,-79,-78,-78
6,6,3,-92,-108,-92,-71,-69,-66,-90,-88,-87,-91,-88,-90,,,,-84,-82,-80,-80,-80,-81
6,6,3,-90,-89,-89,-68,-71,-68,-90,-90,-106,-89,-92,-108,,,,-81,-78,-81,-77,-78,-75
5,6,2,-87,-87,-88,-64,-68,-67,-88,-87,-103,,,,,,,-80,-79,-77,-81,-83,-82
5,6,3,-87,-88,-89,-63,-63,-66,-91,-84,-83,-93,-109,-90,,,,-81,-84,-83,-77,-76,-81
5,5,2,-90,-92,-89,-64,-61,-62,-91,-92,-108,,,,,,,-76,-75,-75,-81,-81,-81
6,6,3,-107,-91,-90,-69,-62,-64,-90,-106,-120,-92,-90,-89,,,,-80,-80,-81,-77,-80,-80
5,5,3,-91,-91,-89,-74,-78,-77,,,,,,,,,,-78,-77,-76,-91,-90,-92
5,6,3,-92,-90,-89,-65,-66,-69,-85,-84,-88,-84,-83,-86,,,,-80,-80,-74,-85,-85,-85
5,6,3,-88,-89,-105,-63,-63,-65,-93,-93,-92,-91,-91,-91,,,,-78,-80,-80,-85,-87,-85
5,6,2,-99,-85,-85,-72,-69,-68,-120,-89,-90,-89,-89,-89,-86,-85,-86,-105,-74,-77,-86,-88,-85
5,6,3,-88,-88,-86,-66,-67,-72,-88,-91,-90,-89,-86,-84,,,,-75,-76,-78,-86,-85,-84
5,6,3,-90,-89,-105,-70,-69,-70,-88,-86,-86,-85,-89,-88,,,,-84,-81,-80,-83,-80,-80
5,6,3,-87,-89,-89,-66,-66,-67,,,,-91,-91,-89,,,,-76,-76,-78,-85,-85,-84
5,6,2,-84,-85,-84,-66,-64,-63,-89,-85,-88,-89,-90,-87,-87,-86,-86,-80,-75,-73,-88,-87,-87
5,6,3,-94,-91,-107,-68,-66,-68,-90,-88,-88,-87,-87,-87,,,,-80,-84,-87,-81,-81,-79
5,6,3,-90,-90,-89,-63,-65,-66,-89,-92,-108,-88,-89,-105,,,,-78,-75,-77,-85,-86,-87
5,6,2,-81,-82,-85,-65,-61,-65,-89,-105,-91,-85,-87,-90,-86,-87,-89,-77,-75,-72,-83,-84,-85
6,6,3,,,,-70,-68,-68,-89,-87,-87,-89,-87,-88,,,,-84,-79,-79,-81,-81,-81
5,6,2,-84,-85,-84,-61,-66,-68,-82,-85,-85,-89,-90,-90,-108,-87,-87,-79,-72,-74,-79,-81,-83
5,6,3,-88,-91,-86,-71,-70,-70,-87,-86,-86,-84,-88,-88,-93,-109,-120,-76,-81,-82,-88,-87,-83
6,6,3,,,,-69,-69,-68,-88,-87,-89,-87,-87,-86,,,,-84,-79,-79,-80,-80,-82
5,6,3,-90,-106,-92,-69,-71,-71,-89,-89,-88,-89,-87,-87,,,,-82,-80,-80,-80,-78,-77
5,6,3,-87,-90,-86,-64,-66,-70,-83,-86,-87,-86,-86,-88,-91,-107,-120,-77,-78,-80,-80,-82,-84
5,6,2,-93,-82,-82,-68,-64,-59,-88,-88,-85,-90,-90,-106,-91,-91,-89,-78,-74,-72,-83,-84,-86
5,6,3,-90,-106,-120,-70,-68,-70,-90,-87,-89,-87,-87,-88,,,,-79,-79,-81,-82,-79,-80
5,6,3,,,,-68,-72,-71,-91,-89,-90,-89,-88,-88,,,,-78,-80,-80,-80,-81,-80
5,6,3,-88,-90,-92,-72,-70,-71,-81,-84,-87,-87,-88,-86,-90,-90,-93,-78,-80,-82,-85,-84,-80
8,8,2,-87,-88,-89,-82,-82,-82,-94,-90,-90,-77,-77,-78,,,,-86,-87,-85,-84,-84,-84
5,6,3,-108,-120,-90,-67,-67,-67,-85,-85,-85,-86,-85,-85,,,,-82,-80,-79,-85,-86,-84
5,6,2,-85,-85,-86,-65,-65,-64,-120,-120,-120,-83,-83,-99,-91,-91,-107,-78,-79,-79,-82,-82,-82
5,6,3,,,,-74,-70,-70,-89,-87,-87,-83,-84,-84,,,,-85,-83,-82,-85,-84,-82
5,5,2,-85,-85,-85,-64,-64,-66,-88,-89,-87,-90,-89,-89,-90,-106,-92,-73,-69,-70,-83,-86,-87
8,8,3,-91,-91,-86,-80,-83,-81,-87,-88,-85,-75,-74,-72,-93,-90,-91,-82,-82,-86,-75,-76,-74
7,8,2,-84,-85,-84,-80,-82,-83,-87,-86,-86,-74,-75,-75,-89,-86,-102,-72,-71,-71,-82,-82,-79
1,1,2,-69,-70,-70,-89,-87,-89,,,,,,,-68,-68,-69,-90,-106,-87,,,
7,8,3,-89,-92,-94,-80,-79,-81,-89,-89,-86,-77,-79,-77,-90,-106,-90,-84,-82,-80,-81,-82,-79
8,8,3,-87,-88,-88,-82,-83,-81,-85,-87,-87,-72,-71,-70,-89,-88,-89,-82,-83,-82,-74,-73,-73
7,8,2,-85,-81,-81,-79,-78,-81,-85,-85,-101,-75,-80,-77,-87,-103,-119,-69,-72,-74,-77,-76,-82
7,8,3,-86,-89,-89,-80,-78,-80,-94,-90,-88,-73,-75,-76,-91,-91,-91,-80,-79,-78,-82,-80,-81
8,8,3,-90,-90,-91,-79,-82,-84,-88,-88,-87,-68,-69,-68,-90,-89,-88,-75,-87,-82,-73,-73,-72
7,8,2,-92,-108,-88,-80,-80,-80,-103,-90,-82,-73,-71,-70,-90,-106,-120,-75,-81,-76,-79,-80,-81
8,8,3,-89,-105,-120,-81,-82,-82,-87,-103,-119,-72,-73,-73,,,,-83,-82,-84,-81,-77,-79
8,8,3,-89,-90,-90,-80,-80,-82,-86,-82,-86,-71,-72,-71,-90,-90,-106,-83,-82,-82,-76,-76,-75
8,8,3,-88,-87,-89,-80,-79,-79,-86,-87,-90,-72,-72,-71,-90,-106,-91,-80,-77,-78,-73,-74,-78
8,8,3,-92,-88,-89,-80,-80,-81,-87,-86,-85,-69,-69,-72,,,,-82,-82,-80,-76,-76,-75
7,8,2,-94,-110,-85,-89,-82,-82,,,,-74,-75,-77,-90,-90,-88,-83,-83,-82,-87,-83,-81
7,8,3,-85,-88,-86,-84,-84,-87,-88,-89,-88,-70,-70,-67,-91,-88,-86,-79,-79,-80,-82,-83,-81
1,1,3,-71,-74,-73,-88,-86,-85,,,,,,,-75,-70,-69,-85,-88,-87,,,
8,8,3,-89,-95,-93,-81,-81,-82,-87,-88,-86,-71,-71,-70,-91,-90,-89,-80,-80,-81,-75,-76,-75
7,8,2,-86,-84,-84,-83,-82,-82,-89,-89,-86,-73,-74,-72,-91,-107,-87,-81,-84,-80,-84,-82,-79
8,8,3,-89,-88,-89,-84,-83,-83,-90,-89,-87,-71,-71,-71,-90,-88,-87,-83,-83,-82,-75,-75,-73
7,8,2,-90,-106,-93,-81,-82,-83,-87,-103,-92,-80,-81,-77,,,,-78,-79,-79,-87,-86,-88
6,8,3,-90,-106,-120,-83,-82,-82,-91,-91,-93,-87,-88,-89,,,,-86,-89,-88,-82,-82,-83
8,8,3,-86,-86,-87,-80,-80,-81,-87,-93,-88,-71,-71,-70,-88,-91,-89,-77,-80,-78,-80,-78,-77
8,8,3,-87,-87,-84,-82,-81,-82,-105,-85,-86,-70,-76,-77,-89,-105,-120,-79,-80,-77,-79,-78,-77
8,8,3,-86,-89,-90,-80,-82,-83,-83,-84,-87,-68,-68,-71,-108,-120,-120,-83,-81,-83,-76,-77,-77
7,8,2,-85,-88,-91,-83,-81,-79,-85,-84,-84,-77,-71,-72,-84,-89,-88,-84,-87,-76,-89,-81,-83
8,8,3,-89,-89,-88,-80,-81,-80,-83,-84,-84,-69,-70,-69,,,,-82,-81,-82,-76,-77,-78
8,8,2,-92,-93,-109,-80,-79,-80,-89,-105,-92,-77,-75,-79,,,,-89,-89,-79,-82,-87,-88
8,8,3,-92,-108,-120,-83,-84,-83,-83,-84,-84,-73,-71,-71,,,,-82,-81,-81,-83,-83,-83
1,1,2,-74,-74,-82,-85,-88,-104,,,,,,,-75,-76,-76,-92,-92,-108,,,
8,8,3,-88,-87,-87,-79,-78,-84,-87,-90,-85,-70,-70,-71,,,,-84,-83,-78,-79,-78,-76
7,8,3,-91,-89,-90,-80,-81,-81,-89,-89,-89,-74,-73,-73,,,,-79,-82,-80,-80,-79,-79
8,8,2,-87,-86,-87,-80,-80,-80,-87,-88,-89,-76,-76,-76,,,,-78,-82,-81,-76,-84,-86
8,8,3,-87,-88,-88,-86,-84,-83,-85,-86,-87,-71,-72,-72,,,,-79,-80,-80,-76,-77,-77
7,8,2,-83,-80,-80,-76,-73,-74,-86,-88,-89,-79,-81,-79,-86,-86,-87,-74,-73,-74,-78,-80,-82
7,8,3,-94,-94,-110,-80,-85,-87,-87,-88,-92,-75,-76,-77,-92,-94,-110,-78,-80,-83,-80,-83,-87
8,8,3,-87,-89,-89,-79,-79,-80,-87,-86,-87,-72,-71,-75,,,,-82,-79,-79,-76,-76,-77
5,8,2,-80,-79,-79,-73,-74,-73,-83,-82,-85,-80,-82,-79,-88,-87,-86,-72,-72,-71,-80,-80,-81
8,8,3,-89,-90,-88,-82,-82,-80,-83,-84,-84,-69,-67,-71,-105,-93,-109,-84,-81,-79,-81,-76,-74
7,8,3,-92,-88,-86,-85,-87,-87,-91,-90,-89,-77,-75,-74,-90,-90,-88,-83,-82,-80,-85,-79,-79
8,8,3,-87,-87,-87,-76,-81,-79,-85,-85,-85,-76,-73,-79,-87,-87,-90,-79,-83,-84,-78,-82,-85
7,8,3,-90,-92,-89,-85,-82,-83,-88,-89,-88,-78,-77,-81,-90,-91,-91,-81,-82,-85,-76,-77,-75
5,8,2,-81,-80,-82,-75,-74,-79,-88,-85,-85,-80,-78,-73,-87,-86,-81,-71,-72,-74,-80,-80,-75
7,8,3,-84,-86,-87,-81,-82,-80,-90,-90,-90,-82,-80,-75,-92,-90,-90,-73,-78,-78,-77,-82,-81
8,8,3,-86,-86,-85,-84,-82,-78,-89,-87,-85,-74,-74,-70,-91,-107,-92,-78,-78,-74,-72,-72,-74
8,8,2,-110,-120,-120,-83,-82,-82,-89,-93,-109,-84,-80,-80,,,,-90,-106,-120,-81,-81,-80
8,8,3,,,,-77,-80,-78,-90,-90,-89,-74,-74,-73,,,,-84,-82,-82,-80,-78,-77
8,8,3,-90,-91,-89,-77,-77,-75,-88,-86,-86,-69,-70,-70,-91,-91,-107,-74,-75,-76,-73,-73,-73
8,8,3,,,,-80,-80,-82,-89,-90,-90,-72,-72,-72,,,,-82,-83,-83,-77,-77,-77
8,8,2,-89,-91,-91,-82,-82,-82,-89,-89,-90,-82,-84,-85,,,,-89,-87,-86,-79,-79,-78
8,8,3,-87,-84,-87,-82,-81,-81,-88,-88,-87,-69,-72,-73,-91,-91,-107,-75,-76,-77,-74,-75,-75
8,8,2,,,,-82,-82,-82,-93,-91,-92,-82,-79,-81,,,,-82,-82,-83,-77,-79,-79
8,8,3,-92,-108,-120,-83,-82,-78,-87,-88,-89,-73,-73,-73,-90,-106,-120,-84,-86,-88,-76,-76,-77
8,8,3,-89,-92,-88,-82,-81,-83,-83,-82,-84,-76,-72,-71,-91,-91,-87,-82,-80,-82,-76,-74,-73
8,8,3,-87,-86,-87,-84,-82,-83,-82,-82,-81,-74,-76,-75,-89,-89,-88,-81,-85,-84,-78,-76,-75
8,8,3,-93,-93,-91,-86,-85,-87,-89,-89,-91,-74,-75,-77,,,,-82,-81,-81,-77,-77,-80
4,3,1,,,,,,,-90,-90,-87,,,,-90,-90,-88,-89,-89,-87,,,
8,8,2,-89,-95,-111,-89,-89,-88,-88,-90,-90,-84,-78,-78,-92,-108,-92,-87,-88,-90,-78,-81,-81
8,8,3,-91,-107,-120,-84,-86,-87,-87,-90,-90,-76,-73,-76,,,,-81,-83,-83,-76,-79,-80
8,8,3,-86,-85,-87,-84,-77,-79,-81,-82,-89,-75,-73,-72,-89,-89,-89,-79,-79,-84,-79,-75,-74
8,8,2,-90,-92,-89,-83,-83,-82,-88,-104,-89,-76,-75,-75,,,,-84,-84,-87,-78,-81,-81
8,8,2,-89,-88,-88,-90,-87,-91,,,,-77,-81,-86,,,,-105,-85,-85,-99,-82,-82
8,8,3,-88,-88,-89,-83,-82,-82,-85,-85,-85,-69,-69,-69,,,,-85,-85,-85,-75,-74,-76
8,8,3,,,,-84,-82,-81,-86,-88,-88,-76,-76,-76,,,,-83,-83,-84,-80,-82,-82
8,8,3,-90,-106,-120,-83,-82,-83,-82,-85,-86,-69,-68,-70,,,,-83,-85,-85,-75,-75,-76
7,8,3,,,,-83,-84,-83,-87,-87,-87,-75,-75,-76,,,,-84,-84,-85,-83,-81,-80
8,8,3,-91,-84,-85,-83,-83,-83,-86,-85,-84,-70,-70,-73,-91,-91,-92,-86,-85,-82,-76,-75,-76
8,8,2,-90,-89,-89,-82,-81,-81,-91,-91,-91,-79,-76,-76,,,,-86,-85,-85,-83,-79,-79
8,8,3,-91,-91,-89,-82,-82,-83,-86,-85,-85,-75,-78,-78,,,,-84,-85,-87,-79,-78,-81
8,8,3,-87,-87,-103,-83,-82,-86,-81,-78,-77,-70,-71,-71,,,,-84,-84,-84,-73,-71,-71
8,8,2,-92,-94,-90,-83,-82,-85,,,,-77,-79,-77,,,,-85,-85,-88,-82,-87,-84
8,8,3,,,,-81,-80,-84,-86,-86,-86,-76,-77,-78,,,,-85,-84,-84,-78,-81,-82
8,8,3,-88,-92,-108,-81,-83,-85,-78,-77,-77,-70,-69,-69,,,,-88,-87,-86,-71,-70,-71
8,8,2,-94,-94,-93,-82,-82,-83,-91,-107,-95,-78,-78,-79,,,,-86,-85,-83,-80,-80,-80
8,8,3,,,,-83,-83,-86,-87,-87,-87,-79,-76,-76,,,,-85,-85,-86,-81,-85,-84
8,8,3,,,,-83,-86,-85,-78,-79,-81,-70,-70,-74,,,,-85,-90,-89,-72,-74,-75
8,8,3,,,,-83,-86,-80,-85,-85,-91,-70,-70,-71,-92,-108,-120,-87,-84,-82,-82,-77,-85
8,8,2,,,,-85,-85,-83,-106,-120,-92,-79,-76,-73,,,,-87,-86,-89,-76,-80,-82
3,3,2,,,,,,,-88,-89,-95,,,,-86,-89,-89,-87,-87,-84,,,
8,8,3,-90,-90,-92,-82,-85,-83,-88,-85,-86,-75,-70,-70,-89,-105,-120,-83,-84,-81,-78,-78,-78
8,8,2,,,,-82,-83,-83,,,,-72,-73,-72,,,,-87,-88,-87,-76,-76,-75
7,8,3,,,,-80,-80,-80,-88,-88,-88,-70,-68,-68,,,,-79,-82,-83,-85,-87,-87
8,8,3,-89,-90,-91,-82,-84,-83,-84,-84,-86,-70,-75,-74,,,,-83,-84,-80,-77,-76,-77
8,8,2,,,,-83,-83,-82,,,,-71,-72,-73,,,,-89,-90,-85,-76,-76,-77
7,8,3,,,,-80,-80,-80,-90,-90,-90,-69,-69,-70,,,,-82,-85,-82,-85,-84,-84
8,8,3,-88,-89,-91,-82,-82,-82,-84,-82,-83,-67,-70,-72,-90,-90,-89,-81,-84,-83,-76,-78,-75
4,3,2,,,,,,,-89,-91,-107,,,,-88,-88,-104,-87,-88,-86,,,
8,8,3,,,,-79,-77,-77,-86,-88,-90,-69,-69,-68,-90,-90,-106,-80,-80,-81,-79,-87,-86
8,8,2,,,,-81,-80,-82,,,,-71,-73,-74,,,,-90,-106,-89,-74,-74,-75
8,8,3,-108,-89,-89,-83,-80,-80,-82,-83,-81,-68,-68,-68,-107,-120,-120,-81,-82,-80,-75,-76,-78
8,8,3,-90,-90,-89,-83,-80,-81,-81,-83,-81,-75,-73,-73,-90,-90,-91,-84,-81,-79,-76,-76,-77
8,8,3,-90,-89,-89,-84,-79,-87,-88,-89,-89,-73,-72,-68,-92,-88,-87,-84,-84,-84,-79,-77,-78
8,8,2,-107,-120,-120,-80,-81,-82,-85,-85,-82,-75,-76,-74,-89,-89,-89,-83,-86,-85,-74,-75,-74
8,8,3,-94,-88,-88,-78,-78,-79,-87,-88,-90,-73,-78,-76,,,,-87,-89,-91,-80,-79,-75
8,8,3,,,,-80,-78,-78,-89,-89,-90,-67,-70,-73,-91,-90,-93,-85,-85,-85,-75,-75,-74
7,8,3,-89,-89,-89,-78,-80,-79,-82,-82,-82,-73,-74,-71,-90,-106,-120,-81,-81,-79,-83,-84,-87
8,8,2,,,,-82,-82,-82,-83,-84,-84,-75,-76,-77,-90,-90,-89,-89,-88,-87,-75,-73,-74
8,8,3,-91,-107,-120,-79,-82,-79,-90,-87,-90,-73,-73,-73,,,,-82,-83,-84,-73,-75,-75
8,8,3,-91,-89,-88,-84,-81,-83,-89,-88,-88,-72,-76,-75,-92,-108,-120,-82,-82,-84,-80,-78,-79
8,8,2,-104,-92,-108,-79,-83,-82,-89,-85,-85,-72,-70,-71,,,,-84,-86,-85,-79,-78,-84
8,8,3,,,,-77,-77,-78,-86,-82,-84,-72,-73,-74,,,,-83,-83,-85,-78,-77,-76
7,8,2,-90,-90,-106,-84,-84,-87,-87,-87,-89,-65,-66,-67,-90,-89,-88,-85,-85,-82,-85,-84,-76
8,8,3,-94,-110,-120,-81,-82,-83,-87,-88,-89,-67,-68,-71,,,,-84,-85,-85,-77,-79,-80
8,8,2,,,,-83,-87,-83,-77,-78,-80,-62,-62,-63,,,,-78,-76,-76,-82,-81,-85
8,8,3,,,,-86,-82,-83,-80,-79,-80,-62,-62,-62,,,,-83,-86,-84,-81,-84,-87
8,8,3,,,,-80,-81,-79,-84,-84,-83,-73,-76,-75,,,,-82,-82,-82,-77,-75,-75
7,8,3,,,,-86,-84,-84,-86,-88,-89,-66,-66,-66,,,,-81,-78,-79,-84,-84,-82
8,8,2,,,,-83,-84,-84,-81,-81,-81,-67,-66,-66,-104,-120,-88,-77,-77,-83,-86,-81,-82
8,8,3,-90,-106,-120,-81,-81,-82,-88,-86,-86,-73,-77,-80,-94,-110,-120,-85,-82,-82,-80,-77,-75
8,8,3,,,,-82,-82,-82,-86,-86,-86,-74,-75,-76,,,,-85,-85,-84,-77,-78,-78
8,8,3,,,,-82,-82,-84,-84,-83,-83,-70,-70,-70,,,,-84,-85,-86,-77,-80,-79
8,8,3,,,,-79,-81,-84,-87,-90,-106,-69,-71,-70,,,,-87,-84,-83,-77,-74,-73
8,8,2,,,,-84,-83,-84,-84,-82,-83,-75,-77,-77,,,,-85,-86,-87,-85,-85,-83
8,8,3,-108,-120,-120,-81,-77,-77,-85,-86,-84,-76,-75,-75,,,,-84,-86,-87,-78,-82,-83
8,8,3,,,,-88,-87,-86,-83,-83,-86,-68,-69,-68,,,,-90,-89,-89,-75,-78,-77
1,1,2,-87,-68,-72,-106,-89,-87,,,,,,,-73,-72,-72,-91,-83,-89,,,
8,8,2,,,,-84,-88,-91,-78,-75,-74,-64,-63,-63,,,,-84,-85,-85,-82,-81,-77
6,8,3,-92,-89,-105,-77,-80,-80,-86,-87,-88,-74,-72,-69,,,,-83,-82,-85,-78,-77,-78
8,8,3,,,,-88,-87,-88,-81,-80,-80,-68,-74,-73,,,,-88,-88,-89,-78,-81,-80
7,8,2,,,,-86,-86,-82,-77,-76,-76,-62,-62,-61,,,,-84,-92,-80,-86,-86,-86
8,8,3,,,,-80,-81,-87,-85,-85,-86,-68,-68,-66,,,,-87,-86,-85,-79,-81,-80
8,8,3,,,,-85,-83,-87,-86,-84,-84,-73,-72,-70,,,,-107,-91,-89,-80,-79,-79
8,8,3,,,,-81,-82,-81,-91,-87,-84,-68,-69,-68,,,,-86,-86,-85,-76,-77,-78
7,8,2,-94,-94,-91,-78,-77,-76,-76,-77,-77,-58,-59,-59,,,,-81,-80,-79,-88,-86,-85
8,8,3,,,,-89,-92,-87,-87,-86,-85,-61,-63,-65,,,,-84,-85,-87,-84,-84,-82
8,8,3,,,,-81,-81,-81,-90,-90,-90,-70,-70,-71,,,,-81,-88,-87,-79,-79,-79
8,8,2,-104,-120,-120,-77,-78,-75,-78,-78,-77,-61,-67,-68,-92,-91,-107,-73,-77,-78,-81,-83,-80
8,8,3,,,,-76,-78,-83,-88,-88,-88,-71,-70,-71,,,,-89,-86,-84,-76,-76,-79
8,8,3,-91,-91,-90,-90,-88,-89,-89,-88,-88,-74,-73,-73,,,,-85,-85,-85,-83,-85,-84
7,8,2,,,,-80,-78,-80,-79,-81,-75,-68,-66,-67,-90,-90,-88,-77,-78,-80,-83,-83,-78
8,8,3,-93,-109,-120,-86,-85,-81,-86,-83,-85,-70,-72,-69,-91,-91,-92,-83,-85,-81,-79,-81,-82
7,8,3,-92,-94,-110,-83,-82,-82,-87,-86,-85,-61,-61,-62,,,,-77,-79,-80,-79,-79,-78
8,8,2,-108,-92,-108,-83,-84,-87,-76,-80,-85,-68,-71,-71,-88,-104,-120,-81,-78,-78,-77,-76,-77
8,8,3,-90,-90,-93,-77,-78,-80,-83,-84,-86,-73,-83,-73,,,,-83,-86,-86,-76,-76,-75
8,8,3,,,,-84,-85,-88,-82,-83,-84,-74,-73,-73,-93,-91,-107,-81,-82,-84,-77,-77,-77
7,8,2,,,,-84,-85,-83,-78,-85,-86,-68,-73,-73,,,,-81,-85,-84,-79,-78,-79
1,1,2,-84,-85,-82,-90,-106,-91,,,,,,,-77,-76,-83,-86,-87,-103,,,
1,1,2,-76,-76,-74,-89,-87,-87,,,,,,,-73,-71,-71,-86,-87,-86,,,
1,1,2,-77,-77,-76,-90,-89,-90,,,,,,,-70,-71,-70,-91,-87,-87,,,
1,1,3,-76,-77,-77,-83,-82,-81,,,,-89,-90,-106,-68,-68,-69,-89,-89,-88,,,
1,1,2,-77,-78,-79,-86,-85,-85,,,,,,,-72,-73,-75,-97,-113,-120,,,
1,1,3,-74,-75,-75,-85,-86,-87,-91,-91,-91,-120,-120,-120,-65,-64,-63,-85,-84,-85,-93,-90,-89
1,1,2,-73,-80,-79,-86,-89,-90,,,,,,,-68,-71,-71,-91,-87,-88,,,
1,1,3,-75,-75,-74,-81,-81,-82,,,,-108,-90,-89,-69,-69,-67,-90,-88,-89,,,
1,1,3,-74,-76,-77,-86,-87,-86,-92,-108,-120,,,,-63,-62,-62,-85,-84,-84,-91,-94,-93
1,1,2,-75,-77,-76,-89,-90,-89,,,,,,,-66,-67,-66,-89,-90,-106,,,
1,1,3,-77,-77,-76,-81,-81,-82,,,,-90,-106,-120,-68,-68,-68,-90,-90,-89,,,
1,1,3,-76,-75,-78,-85,-84,-83,-90,-90,-91,,,,-66,-67,-66,-85,-85,-86,,,
1,1,2,-74,-75,-79,-89,-88,-104,,,,,,,-78,-75,-75,-90,-106,-95,,,
1,1,3,-75,-75,-75,-81,-79,-86,,,,,,,-67,-65,-70,-89,-86,-88,,,
1,1,3,-76,-75,-75,-84,-84,-82,,,,,,,-67,-68,-69,-85,-84,-84,,,
1,1,2,-76,-71,-71,-88,-86,-88,,,,,,,-70,-69,-72,-90,-89,-87,,,
1,1,3,-76,-77,-75,-84,-85,-84,,,,,,,-67,-68,-69,-86,-86,-88,,,
1,1,3,-81,-75,-74,-84,-83,-82,,,,-92,-92,-92,-78,-72,-72,-87,-88,-85,-93,-92,-108
1,1,3,-76,-75,-75,-83,-84,-84,,,,,,,-67,-67,-67,-83,-85,-86,,,
1,1,3,-76,-75,-75,-82,-81,-81,,,,,,,-73,-73,-72,-87,-86,-85,,,
1,1,2,-80,-96,-73,,,,,,,,,,-70,-86,-102,,,,,,
1,1,3,-76,-76,-75,-80,-82,-82,,,,-94,-110,-120,-67,-68,-68,-81,-80,-82,,,
1,1,3,-76,-76,-75,-82,-82,-85,,,,,,,-67,-68,-68,-83,-85,-84,-90,-91,-107
1,1,3,-73,-75,-74,-82,-81,-81,-95,-94,-110,,,,-66,-68,-68,-82,-84,-83,,,
1,1,3,-77,-72,-73,-85,-87,-85,,,,,,,-63,-66,-68,-89,-88,-89,,,
1,1,2,-77,-80,-72,-81,-87,-87,,,,,,,-72,-73,-71,-84,-86,-91,,,
1,1,2,-70,-70,-76,-86,-86,-102,,,,,,,-70,-71,-87,-93,-84,-85,,,
1,1,3,-77,-77,-77,-90,-88,-89,,,,,,,-69,-71,-70,-90,-91,-107,,,
1,1,3,-68,-69,-69,-86,-81,-81,-91,-91,-90,-89,-89,-88,-66,-65,-65,-83,-81,-82,,,
1,1,2,-73,-74,-74,-92,-108,-92,,,,,,,-69,-74,-74,-89,-89,-89,,,
1,1,3,-70,-70,-70,-84,-83,-82,-89,-89,-89,-87,-89,-89,-65,-65,-65,-79,-79,-80,,,
1,1,2,-71,-71,-83,-92,-89,-88,,,,,,,-70,-70,-68,-84,-90,-87,,,
1,1,3,-78,-77,-76,-86,-88,-87,,,,,,,-68,-69,-72,-85,-86,-87,,,
1,1,3,-68,-71,-72,-79,-79,-79,-90,-93,-109,-92,-92,-108,-67,-67,-67,-80,-80,-80,-94,-91,-107
1,1,2,-76,-73,-75,-90,-88,-88,,,,,,,-70,-70,-70,-86,-85,-87,,,
1,1,3,-76,-80,-79,-91,-90,-89,,,,,,,-75,-73,-69,-87,-89,-89,,,
1,1,3,-71,-76,-84,-81,-87,-87,,,,,,,-64,-71,-74,-87,-89,-85,,,
1,1,3,-68,-69,-72,-85,-85,-85,-90,-90,-90,-86,-86,-86,-65,-64,-64,-82,-80,-81,-89,-86,-87
1,1,3,-74,-70,-75,-87,-85,-89,,,,-93,-109,-120,-70,-74,-78,-83,-83,-90,-107,-120,-120
1,1,2,-73,-74,-89,-91,-107,-120,-92,-108,-120,,,,-76,-79,-74,,,,,,
1,1,3,-70,-70,-69,-86,-84,-84,-92,-108,-120,-86,-102,-118,-76,-71,-71,-86,-84,-87,-107,-120,-120
1,1,3,-71,-72,-71,-82,-84,-85,-90,-90,-90,-88,-88,-90,-62,-62,-63,-82,-82,-82,-88,-89,-88
1,1,2,-69,-71,-72,-87,-86,-88,-94,-110,-120,-90,-90,-106,-72,-69,-72,-89,-86,-86,-92,-92,-108
1,1,3,-66,-67,-71,-85,-90,-92,-86,-87,-89,-83,-84,-88,-77,-74,-71,-82,-84,-85,-87,-90,-106
3,3,3,,,,-84,-83,-86,-73,-75,-75,-86,-87,-88,-72,-71,-72,-80,-81,-82,,,
1,1,3,-68,-67,-68,-84,-87,-84,-89,-89,-88,-104,-120,-90,-63,-63,-63,-81,-80,-80,-87,-86,-86
1,1,3,-67,-66,-66,-86,-86,-86,-90,-106,-120,-88,-87,-88,-67,-66,-63,-85,-83,-86,,,
1,1,3,-71,-70,-69,-85,-84,-85,-89,-88,-88,-88,-90,-90,-63,-63,-63,-84,-84,-85,-88,-87,-86
1,1,2,-70,-66,-66,-88,-104,-120,-90,-90,-88,-87,-86,-86,-65,-66,-67,-104,-89,-105,,,
1,1,3,-70,-70,-74,-84,-84,-87,,,,,,,-73,-72,-73,-82,-83,-83,,,
1,1,3,-71,-72,-71,-85,-85,-84,-88,-89,-89,-89,-88,-87,-64,-63,-63,-84,-85,-86,-87,-87,-87
1,1,2,-86,-88,-86,-87,-86,-90,,,,-90,-90,-89,-74,-75,-75,-90,-88,-89,,,
1,1,3,-69,-69,-69,-86,-87,-86,-89,-89,-89,-88,-87,-88,-64,-64,-64,-84,-81,-81,-88,-90,-90
1,1,2,-70,-70,-70,-82,-83,-82,,,,,,,-74,-75,-77,-88,-88,-89,,,
1,1,3,-82,-79,-76,-81,-82,-82,-89,-89,-91,,,,-75,-76,-75,-91,-91,-89,,,
1,1,3,-70,-70,-70,-85,-83,-83,-89,-89,-91,-89,-89,-105,-64,-64,-64,-82,-85,-84,-90,-87,-85
1,1,2,-72,-81,-79,-89,-90,-92,,,,-88,-92,-108,-73,-75,-75,-90,-90,-89,,,
1,1,3,-71,-72,-70,-89,-90,-106,,,,-92,-108,-91,-73,-74,-74,-82,-84,-83,-107,-120,-120
1,1,3,-69,-69,-68,-89,-90,-106,-92,-91,-107,-89,-89,-88,-71,-69,-68,-81,-81,-82,,,
5,5,1,-91,-107,-120,-76,-77,-77,,,,,,,,,,-84,-80,-80,,,
1,1,3,-67,-66,-66,-88,-90,-87,-89,-89,-89,-88,-89,-89,-71,-68,-67,-86,-82,-81,-93,-92,-108
1,1,2,-72,-72,-72,-105,-91,-107,,,,,,,-78,-79,-77,-86,-87,-87,,,
1,1,3,-67,-69,-68,-87,-86,-86,,,,-90,-90,-89,-70,-70,-70,-83,-84,-83,,,
1,1,2,-78,-82,-80,-107,-120,-120,,,,-107,-120,-120,-82,-82,-82,-86,-91,-91,,,
1,1,3,-70,-70,-70,-87,-86,-84,-106,-120,-89,-91,-91,-88,-68,-67,-67,-80,-81,-82,,,
1,1,3,-69,-70,-70,-87,-87,-85,,,,-89,-90,-86,-69,-70,-70,-83,-82,-83,,,
1,1,2,-82,-79,-82,-91,-91,-88,-107,-120,-120,-87,-87,-86,-81,-73,-78,-88,-89,-90,,,
1,1,3,-69,-69,-68,,,,-91,-91,-107,-89,-90,-89,-67,-67,-67,-85,-84,-83,,,
1,1,3,-70,-71,-71,-87,-88,-90,-91,-92,-108,-88,-88,-87,-71,-71,-71,-86,-88,-87,,,
1,1,3,-71,-71,-73,-91,-85,-86,-92,-92,-90,,,,-71,-75,-77,-89,-89,-93,,,
1,1,3,-70,-71,-70,-91,-88,-88,-104,-120,-120,-105,-87,-88,-70,-69,-70,-82,-81,-81,,,
1,1,2,-76,-71,-76,-90,-106,-120,,,,,,,-79,-80,-79,-93,-109,-120,,,
1,1,3,-72,-74,-72,-89,-105,-91,,,,-92,-92,-91,-73,-72,-71,-87,-92,-89,,,
1,1,3,-72,-70,-73,-88,-104,-90,,,,-90,-106,-120,-71,-68,-65,-84,-83,-84,,,
1,1,2,-76,-78,-80,-84,-88,-104,,,,,,,-78,-77,-79,-86,-87,-103,,,
1,1,3,-71,-70,-70,-86,-83,-85,,,,,,,-73,-74,-74,-85,-87,-86,,,
1,1,3,-71,-64,-68,-88,-86,-85,-91,-90,-88,-92,-92,-90,-79,-79,-77,-83,-81,-84,,,
1,1,3,-67,-67,-67,-82,-81,-81,-84,-86,-84,-87,-86,-89,-70,-71,-69,-82,-80,-83,-87,-87,-88
1,1,2,-72,-82,-76,-87,-85,-84,-90,-90,-90,-90,-90,-88,-82,-77,-75,-80,-84,-83,-92,-91,-93
1,1,3,-75,-76,-74,-85,-83,-81,,,,-89,-88,-89,-82,-82,-82,-81,-81,-81,-89,-90,-106
1,1,2,-76,-77,-80,-88,-87,-86,-93,-93,-95,-89,-88,-87,-76,-79,-74,-89,-89,-90,-91,-107,-120
1,1,3,-64,-64,-67,-81,-82,-86,-88,-88,-88,-88,-104,-90,-77,-75,-76,-79,-84,-83,-88,-89,-89
3,3,2,,,,,,,-80,-79,-79,,,,-74,-78,-82,-91,-90,-106,,,
1,1,3,-78,-72,-72,-85,-84,-86,-94,-88,-89,-88,-88,-89,-79,-81,-81,-84,-82,-85,-90,-88,-88
1,1,2,-79,-82,-81,-86,-84,-85,-87,-86,-85,-90,-88,-91,-80,-80,-79,-83,-84,-84,-93,-93,-96
1,1,3,-71,-71,-69,-89,-89,-89,-89,-89,-88,-89,-90,-90,-73,-73,-74,-85,-88,-84,-88,-89,-89
1,1,3,-75,-72,-70,-84,-84,-84,-90,-90,-88,-88,-89,-92,-78,-80,-87,-81,-81,-82,,,
1,1,2,-81,-87,-80,-105,-92,-89,-100,-87,-88,-89,-89,-89,-87,-83,-81,-88,-88,-104,,,
1,1,3,-69,-70,-69,-83,-87,-89,-89,-90,-91,-87,-87,-88,-73,-73,-74,-81,-83,-83,-90,-89,-89
1,1,3,-70,-72,-72,-89,-89,-89,-89,-89,-88,-89,-90,-92,-73,-73,-73,-83,-83,-84,-90,-90,-89
2,1,3,-70,-71,-71,-82,-86,-85,-89,-88,-90,,,,-82,-82,-83,-81,-84,-85,-91,-90,-106
1,1,2,-79,-83,-83,-86,-86,-87,-89,-87,-88,-90,-90,-90,-80,-79,-80,-86,-84,-84,-91,-91,-91
1,1,3,-69,-71,-71,-88,-89,-89,-87,-88,-88,-87,-88,-87,-73,-74,-75,-83,-84,-82,-90,-90,-92
1,1,3,-74,-80,-81,-82,-83,-82,-88,-90,-90,-88,-91,-91,-83,-81,-86,-85,-89,-86,-90,-106,-120
1,1,2,-79,-79,-80,-84,-85,-90,-88,-104,-120,,,,-68,-68,-69,-89,-87,-89,,,
3,3,2,,,,,,,-75,-91,-75,,,,-83,-84,-85,-89,-89,-90,,,
1,1,3,-70,-71,-71,-88,-88,-88,-87,-87,-88,-89,-91,-88,-76,-74,-74,-88,-89,-92,-89,-90,-91
1,1,3,-78,-79,-78,-81,-85,-89,-108,-120,-89,-90,-91,-88,-82,-77,-73,-84,-83,-81,-94,-89,-105
1,1,2,-74,-79,-78,-85,-83,-87,-86,-85,-85,-90,-84,-85,-75,-75,-74,-82,-81,-80,-87,-88,-91
1,1,3,-68,-64,-64,-85,-84,-85,-87,-103,-119,-88,-89,-90,-75,-79,-80,-79,-78,-82,-91,-91,-92
1,1,3,-71,-72,-77,-87,-85,-86,-89,-89,-92,-88,-89,-87,-74,-75,-75,-80,-81,-83,-86,-91,-89
1,1,2,-84,-87,-72,-86,-86,-83,-91,-87,-88,-89,-89,-89,-77,-81,-81,-86,-86,-86,,,
3,3,1,,,,,,,-81,-80,-79,,,,-107,-120,-120,,,,,,
2,1,3,-69,-69,-71,-84,-84,-80,-88,-91,-93,-90,-89,-86,-79,-80,-76,-79,-78,-77,-87,-89,-90
1,1,3,-78,-75,-74,-88,-87,-85,-87,-86,-85,-86,-85,-84,-77,-75,-73,-80,-81,-79,-91,-107,-90
1,1,2,-79,-80,-80,-90,-89,-86,-84,-84,-86,-86,-86,-85,-82,-82,-82,-83,-82,-85,-109,-120,-120
1,1,3,-75,-76,-75,-86,-85,-85,-92,-108,-91,-89,-91,-90,-73,-72,-71,-84,-84,-82,-107,-120,-120
1,1,3,-74,-75,-76,-86,-86,-86,-105,-120,-120,-106,-120,-120,-81,-82,-82,-83,-85,-85,-107,-120,-120
1,1,3,-75,-75,-75,-84,-85,-85,-86,-86,-86,-92,-92,-92,-73,-73,-73,-83,-80,-81,-91,-88,-90
1,1,2,-85,-82,-82,-85,-85,-91,-90,-106,-90,-87,-89,-105,-81,-79,-78,-84,-83,-83,,,
1,1,3,-70,-67,-66,-87,-80,-80,,,,,,,-80,-85,-85,-85,-80,-79,-90,-106,-120
1,1,3,-70,-70,-71,-88,-83,-89,-85,-86,-86,-107,-90,-106,-78,-76,-75,-84,-85,-83,-89,-90,-90
1,1,3,-76,-77,-76,-84,-86,-83,-86,-86,-86,-90,-90,-106,-75,-78,-76,-79,-81,-80,-90,-90,-88
1,1,2,-78,-77,-78,-83,-81,-81,-91,-90,-88,-106,-93,-93,-80,-77,-77,-83,-78,-81,-92,-92,-89
1,1,3,-72,-70,-70,-86,-86,-78,-83,-83,-88,-89,-89,-83,-74,-73,-72,-83,-82,-78,-89,-89,-93
3,3,3,,,,-90,-90,-90,-71,-73,-73,,,,-72,-76,-74,-88,-87,-86,,,
1,1,2,-82,-80,-82,-85,-89,-84,-85,-87,-90,-91,-89,-91,-76,-76,-74,-77,-83,-88,-91,-94,-110
1,1,3,-74,-71,-69,-90,-92,-108,,,,,,,-80,-83,-86,-87,-103,-91,,,
3,3,3,-87,-88,-89,-86,-87,-89,-78,-79,-80,-89,-88,-95,-72,-71,-71,-79,-81,-82,,,
3,3,2,-87,-87,-93,-86,-89,-87,-76,-78,-81,-93,-109,-120,-80,-82,-86,-85,-87,-87,,,
3,3,3,-90,-88,-89,-84,-90,-91,-82,-81,-83,-104,-92,-94,-74,-76,-73,-85,-87,-86,,,
3,3,3,-88,-85,-86,-86,-89,-88,-80,-82,-81,-92,-108,-120,-71,-69,-69,-78,-78,-83,,,
3,3,2,,,,-92,-85,-86,-85,-85,-83,,,,-85,-82,-89,-90,-87,-88,,,
3,3,2,,,,,,,-82,-84,-84,,,,-83,-84,-84,,,,,,
3,3,3,-87,-89,-105,-87,-91,-107,-78,-78,-80,,,,-76,-78,-80,-85,-86,-85,,,
3,3,3,-87,-87,-88,-88,-89,-89,-80,-80,-81,,,,-70,-70,-70,-76,-76,-79,,,
4,3,2,,,,-88,-88,-86,-79,-78,-77,-90,-90,-89,-81,-75,-75,-85,-82,-82,,,
3,3,3,,,,-91,-84,-83,-80,-77,-77,-92,-87,-87,-78,-75,-75,-82,-82,-85,,,
3,3,3,-86,-86,-88,-89,-87,-87,-78,-78,-78,-88,-86,-93,-71,-71,-72,-82,-79,-78,,,
3,3,2,,,,-90,-90,-106,-82,-85,-82,,,,-83,-86,-78,-87,-88,-83,,,
3,3,3,-86,-88,-87,-87,-87,-88,-81,-83,-83,-88,-87,-91,-77,-78,-79,-87,-80,-77,,,
3,3,3,-94,-94,-110,-87,-86,-85,-75,-75,-75,-90,-90,-88,-72,-71,-72,-82,-82,-83,,,
3,3,3,-105,-120,-89,-81,-84,-89,-74,-75,-73,-89,-87,-83,-74,-75,-77,-83,-85,-83,-91,-91,-92
3,3,3,-89,-88,-87,-88,-88,-85,-76,-77,-78,-88,-88,-90,-73,-72,-72,-81,-82,-80,,,
3,3,2,,,,-86,-83,-84,-82,-79,-75,-85,-89,-91,-82,-81,-83,-84,-83,-99,,,
3,3,3,-91,-107,-120,-86,-87,-87,-84,-78,-75,-89,-89,-87,-75,-74,-70,-82,-83,-84,,,
3,3,3,-90,-92,-91,-85,-86,-86,-75,-75,-75,,,,-72,-75,-75,-80,-79,-79,,,
4,3,3,-92,-92,-90,-87,-87,-89,-80,-79,-81,-89,-89,-89,-79,-80,-79,-77,-80,-81,,,
3,3,2,,,,-105,-120,-90,-90,-90,-86,-93,-93,-91,-92,-87,-84,-106,-90,-91,,,
3,3,2,,,,,,,-80,-79,-83,,,,-86,-85,-84,,,,,,
3,3,3,-91,-90,-90,-91,-91,-90,-79,-81,-83,-89,-89,-90,-80,-81,-89,-82,-83,-81,,,
3,3,3,-90,-89,-89,-86,-86,-86,-77,-79,-78,-88,-88,-87,-70,-72,-70,-82,-83,-82,,,
3,3,2,,,,-85,-85,-89,-74,-74,-81,-86,-85,-85,-81,-86,-80,-82,-81,-83,,,
3,3,3,-90,-106,-120,-85,-84,-84,-71,-70,-70,-91,-107,-120,-78,-78,-80,-87,-83,-83,,,
3,3,3,-89,-105,-120,-85,-88,-91,-79,-78,-82,-91,-90,-84,-72,-71,-70,-84,-83,-82,,,
3,3,2,,,,-89,-87,-86,-77,-89,-83,-85,-86,-89,-79,-78,-78,-83,-88,-89,,,
3,3,3,-92,-94,-90,-88,-88,-91,-75,-76,-76,,,,-72,-71,-73,-82,-80,-81,,,
3,3,3,,,,,,,-85,-84,-83,,,,-90,-90,-90,,,,,,
3,3,3,,,,-90,-89,-90,-81,-82,-82,-84,-86,-86,-70,-70,-69,-81,-82,-83,,,
3,3,2,,,,-92,-91,-90,-79,-81,-81,-88,-91,-88,-75,-77,-77,-81,-81,-82,,,
4,3,3,-86,-86,-87,-107,-120,-120,-74,-73,-73,,,,-79,-79,-81,-78,-78,-79,,,
3,3,3,-88,-87,-85,-88,-87,-87,-79,-82,-79,-89,-105,-120,-70,-72,-73,-82,-82,-82,,,
3,3,2,,,,-93,-89,-91,-75,-84,-100,-90,-106,-120,-80,-83,-88,-82,-89,-89,,,
3,3,3,,,,-86,-87,-86,-83,-78,-79,-89,-89,-89,-78,-77,-77,-77,-77,-79,,,
3,3,2,,,,-83,-83,-83,-78,-77,-77,,,,-79,-79,-81,-80,-80,-80,,,
3,3,3,-86,-87,-87,-83,-85,-86,-77,-76,-75,-87,-87,-86,-73,-73,-72,-81,-80,-80,,,
3,3,3,-106,-92,-93,-89,-92,-90,-78,-82,-81,-90,-89,-89,-81,-80,-81,-84,-84,-85,,,
3,3,2,-90,-93,-109,-91,-91,-88,-78,-79,-85,-89,-91,-107,-77,-78,-79,-86,-88,-83,,,
3,3,3,-106,-120,-120,-80,-81,-86,-75,-78,-80,-89,-88,-92,-74,-74,-75,-83,-80,-79,,,
3,3,3,-89,-105,-91,-90,-106,-120,-75,-74,-72,-90,-90,-90,-70,-70,-74,-84,-90,-90,,,
3,3,2,,,,-93,-92,-108,-75,-74,-78,-89,-105,-120,-79,-77,-76,-86,-87,-87,,,
3,3,3,-109,-89,-93,-90,-92,-93,-73,-77,-73,-88,-87,-87,-72,-72,-73,-87,-88,-89,,,
3,3,3,-90,-90,-89,-90,-90,-89,-75,-76,-73,-90,-87,-87,-75,-77,-76,-86,-84,-82,,,
3,3,3,,,,-91,-94,-110,-74,-76,-75,-89,-105,-120,-76,-85,-85,-86,-88,-87,,,
3,3,3,-89,-90,-90,-110,-120,-120,-80,-76,-75,-86,-89,-88,-78,-78,-77,-84,-85,-87,,,
3,3,3,,,,-91,-90,-106,-75,-74,-73,-90,-90,-90,-80,-80,-79,-86,-85,-89,,,
3,3,1,,,,,,,-84,-79,-78,-91,-90,-89,-90,-90,-89,-120,-120,-120,,,
3,3,3,,,,-92,-92,-91,-75,-76,-76,-87,-86,-86,-79,-78,-76,-85,-86,-86,,,
3,3,2,,,,-91,-90,-87,-75,-74,-71,-91,-91,-91,-80,-77,-76,-86,-85,-88,,,
3,3,3,,,,-90,-90,-106,-79,-76,-76,-87,-87,-89,-77,-78,-77,-84,-83,-84,,,
3,3,3,,,,-90,-90,-106,-72,-72,-72,-91,-92,-108,-78,-78,-81,-88,-85,-86,,,
3,3,3,,,,,,,-84,-86,-85,,,,-90,-90,-89,,,,,,
3,3,1,,,,-90,-90,-90,-79,-79,-83,-88,-90,-106,-90,-90,-89,-90,-91,-107,,,
3,3,2,,,,-91,-91,-85,-70,-76,-79,-87,-92,-108,-78,-78,-79,-86,-87,-89,,,
3,3,3,,,,,,,-78,-74,-73,-86,-88,-88,-77,-78,-77,-84,-85,-84,,,
3,3,3,-88,-86,-84,-92,-90,-106,-71,-72,-73,-86,-84,-83,-75,-71,-71,-87,-87,-89,,,
3,3,1,,,,-109,-120,-120,-80,-79,-82,-91,-90,-89,-90,-90,-92,-89,-92,-108,,,
3,3,2,,,,-88,-92,-91,-72,-71,-74,,,,-83,-71,-73,-88,-91,-89,,,
3,3,3,-91,-107,-120,-88,-90,-92,-69,-75,-76,-83,-89,-93,-72,-73,-72,-84,-83,-84,,,
3,3,3,-90,-88,-90,-91,-89,-91,-75,-72,-68,-90,-88,-88,-76,-75,-74,-84,-86,-90,,,
3,3,2,-91,-91,-91,-90,-90,-90,-71,-72,-72,-90,-90,-87,-77,-79,-80,-89,-84,-86,,,
3,3,3,,,,-106,-90,-88,-80,-77,-76,-91,-90,-90,-74,-75,-77,-87,-88,-86,,,
3,3,3,,,,-88,-90,-106,-76,-72,-72,-88,-90,-106,-71,-71,-73,-88,-88,-88,,,
4,3,1,,,,,,,-84,-78,-78,-90,-90,-106,-94,-94,-95,-91,-107,-120,,,
4,3,2,,,,-91,-107,-120,-75,-79,-83,,,,-81,-77,-84,-87,-89,-89,,,
3,3,3,,,,-90,-89,-89,-76,-76,-76,-90,-88,-91,-81,-80,-82,-87,-88,-88,,,
3,3,3,,,,-92,-92,-92,-71,-71,-72,,,,-75,-75,-74,-88,-86,-86,,,
3,3,2,,,,,,,-82,-84,-84,-90,-106,-120,-84,-82,-83,-87,-87,-103,,,
3,3,3,,,,-90,-106,-120,-75,-73,-76,-91,-89,-90,-78,-81,-82,-87,-85,-84,,,
3,3,2,,,,-92,-92,-88,-68,-68,-69,-89,-105,-120,-74,-73,-75,-85,-86,-86,,,
3,3,3,,,,-88,-89,-90,-75,-76,-77,-93,-93,-91,-77,-75,-72,-91,-83,-86,,,
3,3,3,,,,-89,-89,-89,-72,-72,-73,-87,-86,-86,-73,-75,-77,-87,-84,-85,,,
3,3,2,,,,-85,-101,-85,-72,-73,-72,-84,-90,-106,-75,-74,-82,-85,-84,-85,,,
3,3,3,,,,-90,-90,-106,-77,-76,-74,-91,-91,-107,-76,-75,-74,-86,-85,-81,,,
3,3,3,,,,-91,-91,-90,-74,-74,-72,-88,-88,-88,-77,-78,-75,-88,-89,-89,,,
3,3,1,,,,-90,-89,-93,-79,-75,-77,-85,-87,-90,-89,-89,-88,-90,-92,-89,,,
3,3,3,-94,-94,-110,-88,-91,-90,-75,-77,-79,-89,-85,-82,-76,-74,-72,-83,-87,-85,,,
3,3,2,,,,-91,-88,-91,-79,-81,-84,-89,-89,-105,-75,-75,-81,-84,-84,-100,,,
3,3,3,-90,-90,-92,-89,-89,-105,-76,-77,-82,-91,-90,-94,-74,-73,-74,-85,-83,-79,,,
3,3,1,,,,,,,-73,-72,-72,-108,-120,-120,-88,-87,-88,-90,-88,-89,,,
3,3,3,,,,,,,-86,-86,-85,-86,-88,-88,-82,-82,-81,-87,-86,-86,-90,-106,-89
4,3,3,,,,-120,-120,-120,-85,-83,-82,-86,-87,-85,-73,-73,-73,-86,-85,-85,-89,-105,-120
3,3,2,,,,,,,-87,-84,-89,-86,-102,-118,-83,-81,-85,-91,-90,-91,,,
3,3,3,,,,-89,-89,-90,-75,-77,-78,-87,-86,-85,-72,-71,-71,-86,-82,-83,-88,-88,-89
3,3,2,,,,,,,-85,-84,-80,,,,-79,-78,-86,-87,-84,-84,,,
3,3,3,-120,-120,-120,-89,-105,-120,-82,-84,-81,-92,-90,-91,-85,-86,-85,-86,-86,-87,-120,-120,-120
3,3,2,,,,,,,-85,-92,-91,-87,-88,-88,-84,-83,-84,-86,-88,-87,,,
3,3,3,,,,-109,-120,-120,-78,-75,-74,-87,-88,-88,-73,-73,-73,-81,-83,-85,-91,-107,-120
3,3,3,-120,-120,-120,-91,-91,-91,-78,-82,-84,-91,-89,-89,-83,-84,-87,-87,-87,-85,,,
3,3,3,-88,-104,-120,-89,-91,-93,-71,-80,-83,-86,-85,-87,-74,-76,-75,-81,-81,-79,,,
4,3,3,,,,-87,-87,-87,-82,-84,-85,-87,-90,-89,-84,-83,-83,-83,-84,-84,,,
3,3,1,,,,,,,-73,-72,-72,,,,-90,-90,-90,,,,,,
3,3,2,-90,-106,-120,-91,-85,-84,-86,-87,-87,-92,-108,-120,-85,-87,-85,-106,-120,-92,,,
3,3,3,-88,-91,-87,-83,-84,-89,-77,-76,-73,-80,-83,-90,-76,-77,-76,-83,-84,-83,-89,-105,-120
3,3,3,,,,-89,-90,-106,-76,-77,-78,-87,-87,-87,-70,-70,-70,-87,-87,-86,,,
3,3,2,-93,-93,-95,,,,-86,-80,-80,-90,-89,-89,-84,-80,-79,-86,-87,-87,,,
3,3,3,,,,-108,-94,-90,-77,-78,-79,-87,-88,-90,-71,-72,-72,-89,-89,-89,,,
3,3,3,-90,-90,-90,-91,-91,-90,-80,-84,-86,-91,-90,-88,-75,-80,-79,-86,-86,-85,,,
3,3,2,-90,-106,-120,,,,-83,-82,-79,-90,-84,-84,-86,-86,-87,-88,-85,-86,,,
3,3,3,,,,-90,-106,-120,-79,-80,-79,-86,-88,-87,-74,-74,-76,-83,-82,-83,-92,-108,-92
3,3,3,,,,,,,-77,-79,-82,-86,-88,-88,-77,-79,-81,-87,-85,-82,-91,-91,-92
3,3,2,,,,-90,-90,-92,-88,-87,-85,-86,-86,-86,-73,-73,-74,-88,-85,-85,,,
3,3,3,,,,,,,-90,-106,-86,-88,-88,-88,-75,-76,-76,-84,-85,-85,,,
4,3,3,,,,,,,-81,-75,-74,-89,-90,-86,-86,-84,-85,-87,-87,-88,,,
3,3,2,,,,,,,-86,-86,-86,-90,-106,-89,-75,-75,-76,-85,-90,-89,,,
3,3,3,,,,,,,-75,-74,-74,-86,-92,-89,-83,-84,-83,-88,-86,-86,,,
3,3,2,,,,,,,-87,-84,-83,-86,-87,-88,-78,-79,-81,-89,-90,-91,,,
3,3,3,,,,,,,-86,-87,-87,-91,-91,-90,-76,-76,-77,-83,-83,-84,,,
3,3,1,,,,,,,-74,-73,-73,-96,-96,-91,-89,-88,-88,-120,-120,-91,,,
3,3,3,-90,-90,-90,-105,-120,-120,-74,-75,-74,-86,-86,-82,-73,-73,-73,-87,-84,-85,,,
3,3,3,,,,,,,-78,-78,-78,-87,-88,-104,-80,-79,-78,-92,-91,-89,,,
3,3,3,,,,,,,-75,-76,-78,-86,-87,-86,-72,-72,-74,-89,-88,-88,,,
5,5,3,-82,-82,-82,-79,-77,-78,,,,,,,-86,-86,-90,-73,-73,-75,-83,-84,-84
5,5,3,-81,-82,-82,-79,-77,-78,-92,-91,-91,,,,-84,-88,-88,-76,-75,-76,-83,-84,-83
5,5,3,-77,-79,-81,-78,-77,-80,,,,-90,-106,-120,-80,-84,-83,-78,-75,-73,-84,-84,-83
5,5,3,-77,-80,-80,-73,-76,-72,,,,,,,-82,-82,-81,-76,-75,-77,-87,-86,-84
5,5,3,-81,-82,-81,-76,-77,-76,,,,,,,-80,-82,-82,-75,-74,-75,-86,-86,-84
5,5,3,-80,-80,-83,-78,-79,-78,,,,-93,-93,-92,-83,-87,-85,-77,-74,-74,-84,-86,-84
5,5,3,-78,-79,-79,-73,-74,-78,,,,-91,-107,-120,-81,-79,-82,-73,-74,-74,-86,-82,-82
5,5,3,-79,-78,-79,-76,-76,-79,,,,,,,-81,-81,-81,-77,-76,-76,-85,-83,-84
5,5,3,-80,-80,-81,-74,-77,-78,,,,-90,-90,-106,-82,-81,-82,-76,-78,-77,-84,-86,-84
5,5,3,-82,-81,-81,-81,-78,-79,,,,-91,-91,-90,-80,-80,-82,-75,-74,-74,-87,-85,-83
5,5,3,-80,-80,-81,-77,-77,-78,,,,,,,-82,-83,-84,-74,-73,-75,-83,-82,-83
5,5,1,,,,-90,-90,-90,,,,,,,,,,-92,-92,-94,,,
5,5,3,-80,-81,-81,-78,-77,-77,,,,-91,-91,-91,-81,-81,-86,-74,-74,-76,-83,-82,-83
5,5,3,-81,-82,-81,-79,-76,-77,,,,-91,-91,-89,-83,-86,-85,-75,-74,-75,-84,-84,-85
5,5,3,-93,-92,-108,-76,-77,-78,,,,,,,,,,-77,-75,-75,-88,-90,-88
5,5,3,-86,-85,-84,-70,-70,-71,,,,-90,-89,-90,-89,-88,-87,-65,-66,-66,-84,-84,-85
5,5,3,-82,-82,-84,-77,-74,-76,,,,-89,-89,-90,-93,-90,-106,-68,-67,-68,-90,-87,-87
5,5,3,-86,-87,-88,-71,-71,-71,,,,,,,-92,-89,-89,-66,-66,-66,-85,-87,-87
5,5,2,-84,-86,-85,-74,-75,-72,,,,,,,-93,-88,-90,-76,-75,-75,-89,-89,-89
5,5,3,-89,-88,-87,-73,-72,-71,,,,,,,-88,-89,-89,-64,-65,-65,-88,-86,-85
5,5,3,-85,-86,-85,-76,-77,-74,-93,-109,-120,-87,-93,-109,,,,-71,-69,-69,-90,-86,-83
5,5,2,-83,-83,-83,-67,-67,-72,,,,,,,-90,-92,-108,-71,-70,-73,-84,-87,-84
5,5,3,-88,-88,-87,-71,-72,-70,,,,-92,-91,-90,-89,-90,-90,-66,-66,-66,-87,-86,-86
5,5,3,-82,-81,-81,-79,-73,-73,,,,,,,-88,-90,-89,-67,-67,-69,-83,-84,-83
5,5,2,-89,-89,-88,-72,-72,-70,,,,,,,,,,-73,-69,-70,-86,-87,-87
5,5,3,-83,-84,-85,-74,-75,-73,,,,,,,-90,-92,-108,-68,-68,-72,-84,-86,-85
5,5,3,-106,-90,-90,-77,-76,-76,,,,,,,,,,-78,-76,-77,-92,-92,-93
5,5,3,-83,-84,-82,-69,-67,-69,,,,-88,-90,-88,-88,-85,-86,-74,-71,-72,-84,-85,-86
5,5,2,-87,-103,-119,-83,-83,-76,,,,-95,-89,-105,,,,-84,-74,-71,-84,-85,-88
5,5,3,-86,-85,-85,-75,-77,-71,,,,-91,-91,-90,-93,-92,-90,-75,-73,-71,-89,-84,-87
5,5,3,-90,-89,-89,-78,-77,-78,,,,,,,,,,-77,-76,-75,-88,-89,-89
5,5,3,-86,-85,-82,-69,-71,-70,-92,-108,-90,-90,-88,-86,-90,-92,-92,-66,-68,-66,-86,-85,-86
5,5,2,-83,-86,-87,-73,-72,-71,,,,,,,-88,-87,-89,-69,-68,-66,-86,-87,-86
5,5,3,-82,-83,-83,-70,-69,-71,-90,-90,-90,,,,,,,-66,-66,-66,-88,-89,-88
5,5,3,-87,-87,-88,-79,-79,-76,,,,,,,,,,-74,-76,-75,-88,-90,-88
5,5,3,-86,-86,-87,-75,-75,-74,,,,-90,-90,-89,-91,-107,-91,-71,-72,-70,-85,-85,-89
5,5,3,-84,-84,-87,-78,-77,-77,-92,-92,-108,-88,-88,-87,-91,-107,-120,-72,-71,-74,-87,-88,-90
5,5,3,-85,-85,-85,-72,-72,-70,-90,-89,-90,,,,,,,-64,-63,-65,-86,-88,-89
5,5,2,-86,-102,-85,-66,-67,-68,,,,-91,-91,-107,-91,-88,-88,-73,-79,-77,-88,-85,-84
5,5,3,-107,-91,-91,-77,-76,-78,,,,,,,,,,-74,-74,-77,-90,-88,-90
5,5,3,-84,-85,-88,-72,-70,-70,,,,-92,-92,-108,-90,-94,-92,-70,-69,-74,-84,-84,-84
5,5,2,-81,-90,-106,-65,-85,-84,,,,-85,-101,-117,-93,-94,-110,-71,-71,-73,-83,-84,-85
5,5,3,-85,-84,-87,-71,-71,-70,,,,-91,-91,-107,-88,-88,-90,-65,-65,-68,-88,-88,-87
5,5,2,-89,-89,-89,-68,-70,-70,,,,-91,-89,-88,-90,-90,-88,-72,-71,-71,-86,-85,-86
5,5,3,-84,-88,-89,-70,-71,-67,,,,-91,-91,-107,-90,-91,-91,-69,-70,-71,-87,-87,-87
5,5,3,-91,-91,-90,-79,-74,-79,,,,,,,,,,-76,-77,-79,-87,-89,-89
5,5,3,-87,-89,-86,-74,-75,-75,-91,-89,-91,-89,-90,-90,-86,-88,-87,-65,-67,-66,-90,-90,-92
5,5,2,-87,-87,-84,-68,-67,-67,-91,-91,-90,-90,-106,-120,-90,-88,-87,-75,-79,-82,-86,-82,-82
5,5,3,-89,-89,-82,-70,-70,-70,,,,-88,-90,-88,-91,-91,-92,-69,-69,-71,-86,-86,-83
5,5,1,-87,-87,-90,-82,-82,-81,,,,,,,-107,-120,-120,-76,-76,-76,,,
5,5,1,-91,-91,-107,-78,-75,-78,,,,,,,,,,-79,-77,-80,,,
5,5,3,-87,-88,-88,-72,-73,-73,,,,,,,-90,-90,-90,-75,-74,-73,-89,-89,-88
5,5,3,-89,-86,-85,-69,-72,-71,,,,-92,-90,-87,-90,-89,-87,-74,-73,-75,-83,-83,-82
5,5,3,-81,-82,-84,-67,-67,-72,-90,-90,-92,-88,-88,-88,-86,-90,-90,-68,-68,-70,-83,-83,-84
5,5,3,-84,-86,-84,-70,-69,-68,,,,-91,-91,-90,,,,-76,-73,-70,-84,-83,-82
5,5,3,-80,-80,-81,-72,-71,-71,,,,-92,-89,-90,-107,-90,-88,-66,-64,-64,-85,-86,-87
5,5,2,-82,-84,-84,-68,-70,-70,-91,-107,-120,-90,-90,-87,-89,-105,-120,-71,-67,-68,-85,-82,-83
5,5,3,-88,-88,-88,-71,-72,-71,,,,-91,-91,-89,-92,-108,-92,-79,-76,-81,-86,-87,-87
5,5,2,-88,-88,-89,-71,-71,-71,,,,,,,-105,-87,-87,-73,-82,-74,-87,-87,-87
5,5,3,-105,-90,-89,-75,-73,-74,,,,,,,,,,-74,-76,-79,-89,-87,-86
5,5,1,-90,-106,-92,-81,-79,-78,,,,,,,,,,-78,-77,-78,-93,-88,-87
5,5,3,-78,-75,-76,-71,-70,-73,-91,-91,-90,-90,-90,-91,-90,-91,-90,-64,-63,-64,-86,-86,-87
5,5,2,-85,-86,-86,-69,-71,-73,,,,-88,-91,-90,-88,-90,-91,-80,-78,-76,-83,-84,-84
5,5,1,-91,-90,-90,-81,-80,-83,,,,,,,,,,-80,-79,-78,-87,-84,-84
5,5,3,-89,-91,-88,-72,-73,-73,,,,,,,,,,-83,-85,-80,-87,-86,-88
5,5,3,-89,-85,-82,-70,-70,-75,-88,-88,-89,-90,-106,-90,,,,-76,-74,-75,-82,-82,-84
5,5,3,-79,-79,-82,-77,-73,-68,-89,-88,-90,-90,-90,-90,-87,-89,-88,-66,-68,-68,-88,-87,-87
5,5,2,-91,-91,-87,-74,-72,-72,-92,-92,-108,-92,-90,-106,-86,-91,-92,-76,-75,-78,-84,-84,-83
5,5,3,-87,-89,-85,-71,-71,-74,,,,-90,-90,-90,,,,-79,-79,-77,-85,-86,-90
5,5,3,-83,-82,-82,-65,-67,-68,-87,-88,-87,-86,-89,-88,,,,-67,-67,-67,-85,-86,-85
5,5,3,-89,-90,-106,-69,-67,-67,,,,,,,,,,-71,-69,-68,-86,-87,-87
5,5,2,-86,-81,-80,-68,-66,-65,-89,-89,-86,-87,-87,-86,-89,-88,-90,-70,-63,-62,-79,-84,-85
5,5,3,-87,-85,-85,-74,-74,-73,-89,-90,-90,-92,-108,-120,,,,-74,-72,-70,-88,-89,-91
5,5,1,-94,-91,-107,-75,-75,-81,,,,,,,,,,-79,-78,-78,-92,-89,-89
5,2,3,-82,-81,-79,-68,-68,-68,-88,-89,-88,-87,-87,-86,-87,-103,-119,-69,-71,-71,-84,-84,-84
5,5,3,-81,-81,-80,-72,-73,-72,-84,-86,-88,-89,-90,-88,-90,-90,-106,-69,-70,-71,-85,-85,-85
5,5,2,-81,-80,-80,-65,-66,-66,-88,-87,-87,-87,-84,-88,-87,-88,-87,-63,-62,-63,-86,-87,-87
5,5,3,-92,-85,-88,-74,-74,-75,,,,,,,,,,-72,-72,-72,-88,-89,-87
5,2,3,-82,-81,-82,-70,-69,-69,-88,-88,-88,-87,-88,-88,,,,-71,-71,-70,-84,-84,-85
2,5,2,-78,-78,-80,-64,-64,-67,-102,-118,-88,-84,-84,-89,-86,-102,-118,-64,-64,-63,-86,-86,-89
5,5,3,-78,-81,-80,-72,-72,-72,-88,-85,-86,-91,-88,-87,-90,-90,-106,-70,-68,-72,-86,-88,-84
5,5,3,-90,-88,-87,-70,-69,-70,,,,,,,,,,-70,-70,-72,-87,-87,-88
5,2,3,-86,-84,-81,-69,-68,-67,-84,-86,-83,-107,-90,-93,-87,-89,-88,-66,-65,-67,-84,-85,-86
5,5,3,-79,-80,-84,-69,-68,-68,-87,-86,-87,-89,-89,-92,-92,-92,-85,-75,-66,-66,-85,-86,-84
5,5,2,-81,-81,-84,-65,-64,-66,-87,-91,-88,-87,-87,-87,-89,-90,-106,-64,-74,-66,-83,-82,-80
5,5,3,-89,-85,-88,-72,-70,-72,,,,,,,,,,-75,-77,-74,-88,-89,-88
5,5,3,-81,-83,-81,-68,-71,-71,-90,-88,-92,-89,-88,-91,,,,-72,-72,-72,-86,-85,-86
5,2,3,-82,-84,-83,-65,-64,-65,-90,-87,-90,-89,-89,-90,-94,-91,-89,-70,-70,-72,-86,-86,-87
5,5,3,-81,-80,-82,-68,-70,-72,-89,-88,-89,-87,-89,-88,-92,-92,-91,-72,-68,-67,-89,-89,-86
5,5,2,-82,-81,-85,-64,-63,-64,-88,-85,-87,-112,-90,-90,-90,-106,-120,-66,-68,-66,-80,-82,-83
5,5,3,-89,-89,-87,-72,-73,-73,,,,,,,,,,-69,-68,-70,-90,-90,-90
5,2,3,-86,-83,-84,-66,-66,-66,-87,-86,-86,-89,-89,-105,-88,-88,-88,-70,-71,-71,-87,-87,-87
5,2,3,-85,-84,-84,-66,-66,-67,-84,-84,-85,-88,-87,-86,-88,-87,-89,-72,-71,-71,-85,-85,-86
5,5,3,-90,-88,-89,-73,-73,-74,,,,,,,,,,-71,-70,-72,-90,-89,-92
5,5,2,-78,-87,-88,-67,-71,-73,-85,-86,-87,-88,-87,-87,-87,-93,-109,-66,-66,-65,-82,-85,-86
5,2,3,-82,-83,-84,-74,-72,-68,-86,-86,-86,-90,-106,-120,-88,-88,-104,-69,-69,-68,-86,-86,-87
5,2,3,-80,-80,-83,-64,-66,-69,-87,-84,-84,-89,-88,-88,-86,-91,-90,-67,-73,-76,-82,-84,-87
5,5,1,-91,-91,-90,-77,-77,-78,,,,,,,,,,-81,-79,-79,-92,-108,-120
5,5,3,-86,-86,-86,-71,-66,-65,-89,-88,-88,-92,-92,-93,,,,-77,-73,-72,-85,-86,-87
5,5,3,-82,-81,-80,-70,-63,-65,-89,-91,-107,-90,-89,-89,-91,-107,-120,-71,-73,-69,-85,-85,-87
5,5,2,-76,-79,-81,-71,-68,-62,,,,-84,-86,-85,,,,-65,-64,-64,-88,-88,-88
5,5,3,-83,-83,-83,-69,-69,-68,-86,-86,-85,-88,-89,-91,,,,-76,-79,-77,-86,-87,-87
5,5,3,-88,-87,-86,-70,-69,-67,-86,-88,-82,-86,-87,-87,,,,-81,-75,-83,-91,-88,-85
5,5,3,-86,-86,-85,-71,-72,-73,-88,-88,-87,-83,-87,-84,,,,-72,-74,-74,-83,-83,-88
5,5,2,-81,-78,-78,-76,-72,-73,-90,-93,-89,-88,-93,-92,-88,-88,-89,-81,-79,-76,-88,-87,-90
5,5,3,-89,-89,-86,-62,-62,-62,-89,-85,-84,-90,-88,-88,,,,-71,-75,-76,-89,-87,-87
5,5,3,-84,-84,-85,-65,-64,-65,-83,-82,-83,-84,-84,-85,-86,-86,-87,-76,-76,-75,-84,-85,-83
5,5,3,-84,-84,-84,-73,-73,-72,-89,-89,-89,-81,-81,-81,,,,-74,-74,-76,-84,-83,-83
5,5,2,-83,-85,-78,-76,-77,-73,-91,-88,-87,-89,-88,-93,,,,-71,-73,-73,-87,-85,-87
5,5,3,-85,-83,-84,-65,-68,-70,-82,-82,-84,-85,-86,-85,-87,-87,-103,-71,-68,-69,-84,-87,-87
5,5,3,-89,-88,-85,-62,-61,-61,-84,-83,-86,-89,-91,-86,,,,-74,-72,-72,-87,-85,-86
5,5,3,-86,-85,-86,-69,-69,-67,,,,-81,-81,-81,,,,-73,-75,-74,-82,-83,-85
5,5,2,-80,-79,-86,-74,-72,-72,-90,-106,-120,-86,-84,-90,-90,-90,-90,-74,-78,-77,-83,-86,-83
5,5,3,-87,-87,-87,-70,-73,-72,-84,-83,-82,-83,-83,-84,,,,-72,-72,-72,-89,-87,-87
5,5,3,-85,-86,-86,-61,-62,-62,-85,-85,-85,-90,-94,-90,,,,-72,-77,-75,-87,-87,-86
5,5,3,-88,-89,-87,-65,-64,-64,-92,-89,-87,-88,-90,-106,,,,-70,-70,-71,-87,-86,-86
5,5,3,-81,-82,-86,-69,-68,-68,-91,-91,-90,-86,-84,-82,-90,-90,-106,-72,-73,-72,-83,-85,-84
5,5,3,-84,-84,-84,-61,-61,-61,-84,-85,-84,-89,-86,-88,,,,-75,-76,-75,-87,-87,-89
5,5,2,-86,-86,-82,-72,-74,-70,-108,-86,-81,-88,-87,-89,-84,-84,-88,-69,-72,-77,-88,-104,-87
5,5,3,-82,-82,-84,-71,-72,-71,-87,-88,-87,-91,-93,-90,-91,-91,-89,-69,-68,-68,-85,-85,-85
5,5,3,-86,-85,-85,-67,-69,-71,-91,-87,-89,-85,-89,-105,-89,-90,-106,-68,-75,-79,-86,-86,-87
5,5,1,-92,-92,-89,-75,-75,-74,,,,,,,,,,-80,-82,-79,,,
5,5,3,-82,-83,-87,-62,-62,-62,-85,-85,-85,-89,-88,-88,-94,-110,-120,-73,-75,-76,-90,-89,-88
5,5,2,-91,-91,-88,-75,-72,-72,-87,-83,-85,-99,-115,-87,-89,-89,-105,-76,-92,-73,-88,-84,-86
5,5,3,-85,-82,-80,-62,-62,-64,-90,-88,-87,-89,-89,-92,,,,-75,-73,-71,-85,-86,-85
5,5,3,-84,-84,-84,-61,-60,-60,-84,-84,-85,-92,-87,-88,,,,-75,-75,-76,-87,-87,-87
5,5,3,-84,-82,-83,-70,-72,-74,-83,-84,-85,-84,-86,-86,-88,-88,-104,-69,-70,-71,-86,-85,-85
5,5,2,-83,-86,-84,-70,-69,-71,-83,-85,-83,-89,-87,-89,-105,-120,-91,-78,-76,-75,-91,-88,-89
5,5,1,,,,-76,-78,-77,,,,,,,,,,-82,-83,-81,,,
5,5,3,-84,-85,-89,-71,-73,-73,-89,-89,-105,-84,-84,-84,-92,-108,-120,-73,-69,-71,-88,-90,-90
5,5,3,-85,-85,-83,-60,-59,-60,-84,-84,-85,-90,-90,-89,,,,-75,-76,-78,-88,-88,-88
5,5,3,-84,-85,-85,-64,-65,-69,-89,-90,-106,-89,-92,-108,-106,-90,-90,-77,-77,-81,-91,-91,-107
5,5,2,-88,-83,-83,-64,-65,-67,-85,-92,-108,-88,-88,-104,-90,-106,-120,-70,-67,-67,-89,-85,-86
5,5,3,-86,-84,-84,-67,-63,-61,,,,-93,-109,-120,-90,-106,-120,-80,-81,-73,-88,-91,-92
5,5,3,-85,-85,-84,-64,-60,-62,-89,-85,-86,-91,-89,-89,,,,-76,-75,-75,-91,-89,-89
5,5,1,-89,-88,-91,-75,-77,-80,,,,,,,,,,-80,-82,-80,,,
5,5,2,-82,-82,-82,-67,-66,-68,-89,-88,-88,-91,-92,-89,,,,-66,-66,-65,-88,-89,-105
5,5,3,-86,-85,-90,-69,-70,-71,-85,-85,-89,-82,-82,-82,-93,-92,-91,-74,-74,-72,-86,-86,-91
5,5,3,-82,-83,-80,-69,-68,-69,-93,-90,-91,-93,-91,-91,-97,-91,-91,-73,-73,-81,-88,-87,-85
5,5,3,-83,-83,-84,-63,-63,-59,-86,-85,-85,-90,-92,-89,,,,-72,-75,-75,-88,-87,-87
5,5,2,-89,-87,-103,-76,-83,-75,-90,-106,-120,-93,-109,-120,-86,-86,-83,-68,-67,-69,-92,-92,-87
5,5,3,-85,-87,-86,-65,-66,-65,-84,-82,-80,-84,-84,-84,-91,-89,-90,-74,-75,-78,-89,-87,-86
7,7,1,,,,-91,-89,-105,,,,-89,-89,-91,,,,-91,-107,-90,,,
5,5,3,-81,-86,-89,-68,-71,-75,-107,-91,-86,-88,-88,-91,-92,-92,-91,-75,-76,-72,-87,-88,-86
5,5,2,-84,-85,-88,-75,-80,-76,-89,-88,-88,-87,-88,-89,-85,-87,-89,-71,-70,-71,-87,-87,-89
5,5,3,-86,-86,-85,-66,-65,-70,-84,-86,-86,-84,-84,-84,-91,-107,-120,-75,-75,-78,-86,-83,-83
5,5,2,-81,-80,-87,-75,-79,-78,-86,-89,-90,-88,-89,-83,-84,-92,-90,-76,-70,-66,-85,-90,-84
5,5,3,-86,-88,-87,-74,-71,-76,-85,-84,-85,-91,-88,-90,-90,-90,-89,-71,-70,-71,-86,-87,-89
5,5,3,-86,-86,-85,-68,-67,-67,-82,-85,-85,-85,-88,-87,-91,-91,-107,-78,-75,-74,-84,-84,-87
5,5,3,-89,-89,-89,-75,-76,-76,-82,-83,-85,-89,-86,-84,,,,-72,-72,-72,-88,-87,-85
5,5,2,-88,-88,-86,-73,-73,-74,-89,-88,-86,-87,-89,-90,-89,-87,-86,-64,-64,-64,-85,-83,-81
5,5,3,-86,-85,-87,-69,-70,-69,-81,-81,-85,-85,-85,-87,-90,-90,-106,-75,-76,-76,-83,-86,-85
5,5,3,-84,-85,-86,-71,-67,-69,-90,-106,-120,-93,-96,-93,-91,-107,-120,-69,-73,-74,-89,-89,-105
7,7,3,-88,-88,-88,-80,-80,-81,-86,-88,-82,-74,-74,-75,-88,-87,-87,-73,-73,-72,-87,-86,-86
7,7,3,-89,-89,-89,-82,-83,-80,-85,-86,-85,-76,-78,-78,-91,-91,-91,-74,-73,-72,-87,-87,-86
6,6,2,,,,-92,-92,-88,,,,,,,,,,,,,-120,-120,-90
7,7,3,-86,-88,-89,-78,-77,-78,-80,-82,-83,-76,-75,-71,-87,-89,-92,-77,-77,-77,-87,-85,-86
8,7,2,-88,-90,-89,-85,-82,-82,-87,-81,-83,-80,-80,-76,-92,-108,-90,-89,-89,-82,-86,-87,-89
7,7,3,-87,-87,-87,-81,-80,-83,-85,-85,-85,-75,-76,-78,-92,-92,-108,-71,-71,-71,-86,-86,-86
7,7,3,-89,-90,-88,-79,-76,-77,-85,-83,-86,-74,-73,-75,-87,-88,-90,-78,-79,-80,-84,-86,-83
7,7,2,,,,-79,-79,-80,-84,-87,-91,-76,-76,-75,-86,-87,-86,-85,-86,-86,-84,-84,-80
7,7,3,,,,-91,-89,-88,-89,-90,-89,-105,-90,-89,,,,-120,-120,-120,-120,-120,-120
7,7,3,-88,-87,-88,-81,-78,-79,-86,-86,-87,-76,-73,-72,-91,-88,-90,-71,-72,-73,-107,-89,-91
8,7,2,,,,-79,-80,-81,-88,-84,-85,-72,-72,-72,-86,-86,-88,-82,-82,-82,-81,-82,-83
5,7,1,,,,-90,-90,-91,-91,-93,-90,-91,-107,-89,,,,-90,-89,-88,,,
7,7,3,-85,-87,-87,-78,-79,-79,-82,-81,-81,-75,-75,-75,-90,-90,-90,-78,-78,-78,-83,-83,-84
7,7,3,-86,-87,-88,-79,-80,-78,-79,-79,-80,-75,-75,-74,-89,-92,-89,-75,-74,-74,-83,-82,-86
5,7,1,,,,-87,-87,-87,,,,-89,-88,-85,,,,-87,-84,-84,,,
7,7,2,,,,-86,-85,-83,-83,-87,-84,-76,-76,-83,-87,-85,-83,-84,-84,-86,-86,-92,-108
7,7,3,-82,-85,-84,-85,-84,-85,-81,-83,-89,-77,-79,-77,-84,-85,-86,-81,-80,-82,-89,-90,-92
7,7,3,-84,-86,-85,-76,-76,-75,-81,-78,-82,-73,-71,-72,-88,-89,-105,-78,-77,-78,-86,-86,-87
5,7,2,-91,-91,-87,-81,-81,-85,-84,-84,-80,-82,-82,-83,-90,-84,-83,-74,-74,-84,-88,-104,-120
7,7,3,-85,-87,-84,-85,-79,-80,-86,-86,-83,-78,-76,-76,-84,-85,-89,-82,-80,-81,-90,-106,-120
7,7,3,-86,-91,-107,-74,-74,-77,-83,-84,-83,-76,-80,-81,-92,-91,-90,-75,-73,-73,-86,-84,-84
7,7,2,-104,-120,-90,-85,-89,-88,-86,-86,-91,-75,-76,-77,-89,-87,-86,-83,-86,-87,-90,-90,-87
7,7,3,-82,-87,-88,-84,-84,-84,-84,-84,-85,-81,-78,-77,-106,-120,-91,-77,-77,-78,-89,-87,-88
7,7,3,-85,-83,-83,-84,-83,-82,-82,-82,-81,-76,-81,-75,-90,-90,-90,-78,-79,-75,-89,-87,-88
5,7,3,,,,-76,-76,-76,-81,-81,-79,-83,-83,-79,-89,-89,-105,-73,-73,-73,-84,-84,-84
7,7,2,-88,-88,-88,-80,-83,-84,-82,-81,-80,-76,-73,-72,-89,-105,-120,-80,-82,-83,-89,-87,-87
7,7,3,-83,-91,-89,-83,-85,-86,-77,-75,-75,-72,-71,-74,-87,-88,-86,-73,-74,-74,-88,-88,-88
7,7,3,-90,-88,-90,-77,-77,-77,-85,-86,-82,-71,-71,-71,,,,-76,-75,-74,-84,-83,-83
7,7,2,-87,-103,-119,-82,-83,-80,-81,-81,-79,-72,-72,-72,,,,-89,-83,-80,,,
7,7,3,-84,-84,-86,-79,-80,-82,-82,-83,-83,-74,-71,-70,-88,-87,-87,-78,-79,-78,-90,-88,-86
7,7,2,,,,-86,-88,-86,-81,-79,-79,-72,-76,-78,-92,-92,-108,-83,-83,-99,-103,-86,-85
7,7,3,-89,-88,-90,-77,-76,-74,-78,-77,-78,-75,-76,-74,-91,-89,-89,-74,-74,-73,-83,-84,-84
7,7,3,-90,-90,-88,-75,-76,-75,-81,-80,-76,-75,-76,-77,-89,-89,-89,-74,-73,-74,-84,-83,-84
5,7,3,-92,-91,-107,-80,-78,-78,-89,-90,-95,-80,-82,-78,-86,-86,-87,-80,-79,-79,,,
8,7,2,-88,-88,-89,-84,-85,-85,-77,-81,-80,-73,-75,-79,-89,-89,-90,-90,-82,-79,-89,-87,-91
7,7,3,-91,-107,-90,-78,-79,-79,-85,-85,-85,-77,-75,-74,-90,-90,-106,-72,-72,-73,-85,-87,-85
5,7,3,-90,-90,-89,-76,-76,-76,-76,-80,-79,-78,-77,-77,-88,-89,-89,-73,-73,-73,-84,-84,-84
7,7,2,-88,-86,-102,-86,-86,-91,-84,-83,-85,-74,-78,-83,-87,-87,-85,-84,-84,-84,,,
7,7,3,-81,-81,-82,-83,-82,-83,-80,-79,-84,-79,-80,-79,-88,-85,-85,-81,-77,-78,-88,-88,-87
7,7,3,-88,-91,-107,-78,-80,-78,-79,-78,-78,-71,-72,-73,-88,-104,-92,-75,-76,-75,-83,-83,-84
5,7,2,-92,-108,-87,-85,-86,-86,-85,-85,-86,-88,-81,-80,-90,-90,-87,-80,-79,-83,,,
7,7,3,-82,-82,-81,-83,-81,-80,-82,-84,-81,-78,-79,-78,-88,-85,-85,-79,-79,-77,-89,-91,-92
7,7,3,-88,-90,-106,-78,-81,-80,-80,-83,-83,-76,-71,-73,-90,-106,-91,-76,-75,-75,-84,-85,-83
7,7,2,-90,-106,-120,-89,-88,-88,-91,-87,-103,-75,-76,-77,,,,-82,-83,-99,,,
4,7,3,-80,-80,-79,-84,-80,-79,-81,-81,-81,-83,-80,-77,-87,-89,-89,-78,-77,-78,-91,-87,-88
7,7,3,-91,-92,-108,-83,-83,-82,-83,-83,-83,-73,-71,-72,-91,-91,-89,-74,-74,-74,-85,-84,-85
7,7,1,,,,-91,-92,-108,,,,-83,-78,-77,,,,-90,-89,-90,,,
4,7,2,-84,-91,-84,-87,-85,-86,-89,-90,-106,-86,-77,-79,,,,-86,-88,-89,-93,-93,-92
7,7,3,,,,-81,-81,-82,-84,-84,-84,-75,-74,-78,-91,-91,-90,-75,-75,-75,-83,-84,-84
7,7,3,-79,-79,-80,-80,-80,-80,-82,-80,-82,-75,-75,-75,-86,-86,-86,-79,-79,-78,-87,-87,-86
7,7,3,-89,-87,-88,-83,-84,-83,-80,-80,-81,-70,-71,-72,-90,-106,-120,-74,-74,-75,-84,-83,-83
7,7,2,-107,-120,-120,-88,-104,-88,-103,-89,-92,-84,-100,-88,-106,-120,-120,-105,-90,-88,-88,-87,-91
7,7,3,,,,-87,-88,-88,-84,-84,-84,-80,-80,-79,-90,-90,-106,-79,-79,-79,-88,-88,-89
7,7,1,,,,-89,-89,-90,,,,-75,-75,-76,,,,-106,-89,-105,,,
7,7,3,-92,-91,-107,-85,-87,-85,-76,-80,-80,-71,-75,-75,-108,-90,-106,-72,-73,-74,-82,-86,-86
7,7,2,,,,,,,-90,-88,-104,-82,-84,-84,,,,-87,-81,-82,-109,-120,-120
7,7,3,-89,-92,-91,-86,-83,-82,-78,-78,-83,-73,-72,-72,-89,-89,-90,-81,-84,-86,-85,-84,-84
7,7,3,-88,-91,-107,-81,-81,-81,-78,-80,-82,-71,-71,-69,,,,-75,-77,-77,-81,-82,-82
7,7,3,-90,-94,-90,-81,-80,-79,-83,-82,-83,-72,-75,-74,,,,-75,-76,-75,-82,-82,-81
7,7,2,-89,-89,-105,-84,-87,-85,-86,-83,-84,-77,-78,-76,-108,-120,-120,-78,-82,-88,-101,-93,-89
7,7,2,-87,-85,-85,-83,-84,-83,-83,-86,-86,-69,-69,-85,,,,-81,-82,-82,-88,-104,-120
7,7,3,-88,-88,-86,-82,-83,-86,-86,-82,-80,-73,-73,-75,-88,-86,-89,-83,-81,-77,-87,-87,-86
7,7,3,-88,-92,-108,-79,-85,-84,-85,-84,-83,-70,-69,-71,,,,-74,-76,-75,-86,-86,-85
7,7,2,-88,-104,-90,-81,-83,-85,-79,-82,-84,-80,-80,-82,-89,-105,-120,-82,-86,-90,-89,-84,-84
7,7,3,-82,-82,-83,-83,-81,-84,-79,-82,-83,-75,-75,-76,-84,-85,-83,-80,-80,-82,-90,-106,-120
7,7,3,-94,-94,-95,-81,-77,-77,-87,-85,-85,-69,-69,-70,,,,-74,-74,-75,-82,-83,-83
7,7,3,-91,-91,-91,-82,-80,-79,-83,-77,-77,-73,-70,-70,-91,-89,-88,-75,-76,-78,-87,-85,-85
7,7,3,-89,-89,-90,-82,-81,-79,-80,-81,-80,-77,-73,-74,-87,-85,-86,-82,-82,-82,-90,-90,-106
7,7,3,-90,-90,-90,-80,-81,-80,-83,-83,-82,-71,-71,-71,-87,-88,-88,-79,-79,-79,-87,-87,-87
3,7,2,-90,-90,-92,-87,-86,-86,-89,-82,-83,-80,-84,-84,-86,-88,-88,-107,-85,-85,,,
7,8,2,-92,-91,-91,-84,-83,-86,-85,-89,-89,-70,-71,-72,,,,-87,-88,-87,-91,-91,-107
7,7,3,-90,-106,-120,-83,-85,-83,-82,-83,-82,-73,-74,-73,-90,-90,-90,-76,-77,-77,-87,-88,-87
7,7,3,-90,-91,-91,-85,-85,-84,-88,-87,-88,-71,-72,-74,,,,-86,-86,-87,-91,-90,-106
7,7,1,,,,-91,-91,-107,-90,-90,-106,-77,-77,-79,,,,-90,-89,-89,,,
7,7,3,-94,-90,-88,-82,-78,-81,-87,-83,-80,-74,-75,-74,-91,-107,-92,-76,-77,-75,-88,-89,-87
4,7,3,-91,-107,-120,-84,-83,-84,-78,-76,-78,-79,-80,-82,-85,-85,-86,-80,-82,-82,-93,-91,-92
7,7,1,,,,-89,-88,-89,-95,-95,-89,-84,-84,-80,,,,-87,-90,-94,-94,-94,-93
4,7,2,-90,-91,-107,-84,-81,-83,-74,-78,-77,-83,-80,-79,-87,-87,-87,-85,-86,-85,-89,-89,-105
7,7,3,-88,-89,-90,-84,-84,-85,-88,-89,-87,-73,-73,-74,,,,-83,-86,-86,,,
7,7,2,-88,-87,-85,-82,-83,-83,-80,-82,-82,-71,-71,-70,,,,-83,-84,-86,-87,-103,-119
7,7,3,-87,-87,-87,-81,-81,-82,-90,-88,-88,-71,-70,-70,,,,-83,-81,-82,-90,-88,-87
7,7,3,-90,-90,-106,-83,-83,-84,-84,-83,-82,-77,-79,-85,-92,-91,-95,-75,-75,-74,-84,-86,-87
7,7,3,-90,-90,-90,-85,-82,-83,-81,-82,-81,-78,-73,-78,-93,-93,-91,-73,-74,-75,-88,-82,-85
7,7,3,-92,-94,-91,-86,-88,-88,-78,-80,-79,-76,-74,-74,-87,-88,-90,-82,-81,-81,-88,-89,-88
7,7,3,-88,-88,-90,-82,-83,-84,-85,-87,-90,-69,-68,-68,,,,-80,-82,-83,-85,-87,-88
7,7,2,,,,-80,-80,-96,-89,-89,-89,-73,-89,-105,,,,-85,-85,-85,,,
3,7,2,-87,-103,-89,-84,-91,-86,-77,-76,-76,-100,-82,-82,-86,-88,-88,-120,-81,-80,-88,-85,-85
7,7,1,,,,-91,-89,-91,,,,-78,-77,-78,,,,-92,-90,-87,,,
7,7,3,-91,-89,-88,-82,-81,-79,-74,-78,-78,-71,-77,-75,-90,-106,-120,-79,-79,-78,-87,-87,-87
7,7,3,-86,-84,-85,-80,-80,-80,-86,-87,-86,-69,-69,-69,-90,-90,-90,-83,-84,-81,-88,-88,-88
7,7,2,-86,-86,-102,-81,-82,-89,-86,-102,-118,-85,-101,-117,,,,-82,-82,-98,-89,-105,-89
7,7,3,-89,-91,-107,-83,-84,-85,-82,-82,-82,-74,-70,-70,,,,-76,-74,-74,-89,-85,-84
7,7,3,-86,-90,-89,-86,-82,-80,-80,-81,-86,-78,-73,-71,-89,-88,-88,-81,-82,-81,-87,-88,-87
7,7,2,,,,-85,-86,-87,-120,-87,-80,-73,-73,-74,-88,-87,-88,-88,-87,-87,-94,-87,-94
7,7,1,,,,-91,-91,-90,,,,-78,-77,-77,,,,-91,-89,-88,,,
7,7,3,-92,-90,-106,-81,-81,-84,-82,-82,-84,-72,-74,-74,,,,-78,-77,-78,-86,-85,-85
7,7,2,-90,-106,-120,-82,-83,-83,-79,-78,-78,-72,-84,-79,-89,-105,-87,-81,-81,-82,-88,-89,-89
7,7,3,-86,-88,-89,-80,-84,-83,-81,-82,-79,-73,-72,-79,-87,-85,-82,-78,-81,-79,-88,-87,-88
7,7,2,-86,-91,-89,-83,-81,-82,-79,-82,-80,-68,-69,-70,,,,-82,-85,-84,-89,-105,-91
7,7,3,-88,-86,-87,-83,-82,-83,-88,-89,-88,-70,-70,-70,,,,-83,-85,-83,-88,-88,-88
7,7,3,-89,-89,-89,-81,-75,-75,-80,-78,-78,-74,-75,-74,-93,-92,-108,-78,-78,-78,-87,-89,-90
4,7,2,,,,-85,-86,-86,-82,-84,-83,-84,-81,-78,-89,-89,-89,-83,-86,-89,-91,-91,-107
4,7,3,-86,-86,-87,-85,-85,-85,-75,-76,-76,-82,-84,-84,-83,-84,-84,-83,-80,-79,-87,-87,-87
7,7,2,-90,-86,-90,-82,-82,-83,-80,-80,-83,-69,-69,-69,,,,-81,-83,-85,-91,-107,-120
7,7,3,-89,-89,-91,-78,-79,-83,-79,-78,-79,-75,-76,-73,,,,-79,-78,-78,-90,-90,-89
7,7,3,-88,-86,-86,-82,-82,-82,-88,-88,-89,-73,-73,-73,,,,-85,-87,-86,-93,-88,-88
7,7,1,,,,-89,-89,-88,-90,-90,-90,-76,-77,-80,,,,-107,-91,-107,,,
7,7,3,-91,-87,-85,-83,-85,-78,-82,-80,-79,-76,-74,-74,-89,-89,-89,-75,-75,-77,-85,-86,-85
7,7,3,-88,-89,-105,-83,-83,-79,-85,-79,-77,-71,-70,-70,-91,-91,-90,-78,-74,-73,-85,-88,-88
7,7,2,-106,-120,-90,-105,-87,-88,-82,-82,-83,-76,-72,-75,,,,-81,-81,-80,-120,-120,-86
7,7,2,-88,-86,-86,-83,-82,-81,-85,-83,-81,-69,-69,-67,,,,-80,-80,-82,-87,-87,-88
7,7,1,,,,-91,-90,-91,-91,-87,-90,-77,-79,-81,,,,-88,-87,-88,,,
7,7,3,-111,-120,-120,-82,-82,-85,-82,-84,-83,-72,-72,-73,-106,-92,-88,-77,-76,-76,-86,-85,-89
7,7,3,-89,-91,-89,-79,-78,-81,-93,-109,-120,-71,-69,-70,,,,-82,-82,-81,-87,-87,-87
7,7,2,-91,-107,-93,-89,-89,-87,-82,-83,-81,-75,-78,-73,,,,-86,-84,-83,-89,-88,-88
8,7,3,-87,-86,-87,-81,-84,-83,-82,-82,-82,-72,-72,-72,-86,-85,-85,-81,-80,-81,-81,-82,-84
7,7,2,-87,-87,-87,-80,-85,-83,-82,-82,-79,-69,-66,-68,,,,-82,-81,-81,-88,-91,-92
7,7,3,-89,-88,-88,-80,-83,-79,-89,-90,-90,-67,-67,-70,,,,-84,-79,-80,-88,-86,-89
7,7,3,-107,-120,-120,-83,-81,-80,-81,-82,-81,-71,-68,-71,-91,-91,-96,-79,-75,-78,-87,-88,-89
7,7,1,,,,-89,-92,-108,-89,-90,-91,-79,-81,-81,,,,-88,-88,-93,,,
7,7,2,-91,-107,-120,-83,-85,-86,-85,-85,-85,-79,-77,-77,,,,-84,-86,-82,-91,-107,-120
7,7,3,-88,-90,-91,-82,-80,-82,-85,-83,-85,-73,-72,-73,-107,-120,-89,-86,-84,-82,-87,-86,-87
7,7,2,-90,-106,-120,-81,-82,-80,-81,-81,-90,-87,-70,-68,,,,-81,-84,-87,-90,-90,-89
7,7,3,-88,-88,-91,-79,-79,-79,-88,-88,-87,-69,-70,-69,,,,-79,-80,-80,-89,-88,-88
7,7,3,-90,-90,-92,-84,-87,-85,-81,-81,-84,-72,-73,-76,-107,-120,-120,-78,-79,-79,-88,-91,-89
7,7,2,-91,-107,-120,-83,-83,-84,-87,-86,-85,-77,-77,-77,,,,-84,-82,-82,-90,-90,-90
7,7,3,-87,-91,-107,-85,-84,-83,-110,-89,-88,-75,-74,-72,-91,-91,-107,-77,-76,-76,-88,-89,-89
7,7,3,-89,-89,-84,-83,-81,-82,-81,-81,-80,-76,-70,-66,-90,-91,-91,-76,-78,-77,-88,-89,-89
7,7,2,-89,-89,-89,-82,-80,-80,-84,-86,-85,-65,-65,-65,,,,-80,-80,-80,-89,-90,-91
7,7,1,,,,,,,,,,-83,-83,-82,,,,-88,-86,-88,,,
7,7,3,-88,-88,-88,-82,-84,-83,-87,-85,-84,-68,-69,-68,,,,-77,-79,-79,-88,-88,-87
7,7,2,,,,-85,-85,-91,-88,-88,-87,-79,-82,-77,,,,-88,-84,-86,,,
7,7,1,,,,-91,-91,-92,-91,-107,-120,-77,-79,-84,,,,-89,-89,-92,,,
7,7,3,,,,-89,-87,-85,-78,-78,-79,-77,-74,-72,-109,-120,-120,-84,-86,-87,-92,-91,-91
7,7,3,-91,-88,-87,-81,-81,-80,-80,-81,-80,-67,-67,-66,-92,-92,-91,-79,-78,-77,-87,-87,-87
7,7,2,-87,-90,-87,-81,-81,-83,-83,-84,-85,-68,-66,-68,,,,-81,-82,-80,-91,-93,-90
7,7,1,,,,-90,-91,-91,-110,-120,-120,-78,-79,-79,,,,-91,-86,-85,,,
7,7,2,-92,-92,-91,-86,-86,-86,-83,-85,-101,-80,-74,-75,,,,-86,-93,-86,,,
7,7,3,-90,-91,-90,-83,-82,-85,-86,-88,-90,-72,-73,-70,,,,-80,-81,-83,-88,-88,-85
7,7,3,-90,-93,-109,-81,-82,-79,-81,-79,-79,-76,-74,-72,-89,-89,-89,-78,-78,-79,-83,-84,-85
7,7,3,-92,-92,-92,-89,-90,-90,-83,-82,-81,-81,-77,-76,-92,-89,-89,-85,-85,-87,-90,-90,-89
7,7,3,-92,-90,-89,-79,-81,-82,-80,-77,-76,-75,-78,-77,-88,-87,-87,-74,-73,-73,-86,-86,-87
7,7,2,,,,-88,-89,-88,-86,-84,-86,-74,-74,-70,,,,-82,-80,-80,,,
7,7,3,-89,-91,-107,-86,-87,-86,-81,-81,-81,-75,-77,-78,-91,-90,-89,-84,-86,-85,-107,-120,-120
7,7,2,-86,-87,-86,-81,-82,-84,-81,-85,-85,-65,-66,-66,,,,-80,-81,-81,-89,-89,-88
7,7,3,-86,-87,-91,-82,-82,-81,-83,-82,-84,-69,-70,-69,,,,-85,-84,-82,-85,-85,-87
4,7,3,-93,-93,-94,-81,-83,-86,-80,-83,-86,-79,-76,-77,-88,-91,-92,-75,-78,-76,-88,-86,-87
7,7,3,-89,-105,-120,-84,-84,-84,-86,-84,-88,-73,-72,-71,-90,-90,-92,-78,-78,-80,-88,-86,-88
7,7,3,-84,-87,-84,-84,-82,-82,-81,-81,-82,-80,-81,-74,-87,-87,-87,-83,-83,-81,-92,-89,-87
7,7,2,-92,-90,-106,-83,-80,-80,-89,-88,-86,-74,-75,-75,-90,-89,-89,-84,-81,-78,-88,-87,-87
7,7,1,,,,-106,-120,-120,-89,-90,-91,-79,-79,-78,,,,-107,-120,-120,,,
8,7,1,,,,,,,,,,-77,-76,-75,,,,,,,-90,-90,-89
7,7,3,-90,-92,-92,-84,-87,-86,-77,-81,-81,-78,-79,-75,-88,-89,-89,-81,-84,-84,-88,-91,-90
7,7,3,-88,-89,-90,-83,-83,-83,-89,-87,-85,-74,-73,-72,-91,-91,-90,-81,-80,-80,-86,-87,-87
7,7,2,-107,-120,-120,-87,-89,-89,-79,-77,-78,-80,-81,-80,-88,-104,-89,-84,-91,-83,,,
7,7,2,,,,-80,-81,-81,-87,-103,-119,-75,-72,-88,-92,-108,-120,-84,-78,-80,-89,-89,-89
7,7,3,-85,-86,-86,-83,-83,-83,-81,-82,-82,-78,-77,-78,-88,-88,-90,-80,-85,-85,-90,-90,-89
7,7,3,-89,-105,-88,-85,-84,-85,-86,-82,-85,-72,-72,-72,-91,-89,-89,-83,-83,-81,-90,-89,-90
-1,7,1,,,,-93,-88,-104,,,,-79,-78,-80,,,,,,,,,
4,7,3,-87,-87,-90,-82,-85,-87,-79,-84,-80,-77,-75,-74,-84,-83,-83,-80,-79,-80,-86,-86,-87
7,7,2,,,,-81,-85,-101,-109,-120,-120,-76,-78,-71,-93,-109,-120,-87,-88,-86,-88,-104,-89
7,7,3,-90,-90,-90,-84,-86,-84,-82,-81,-85,-70,-72,-71,-89,-91,-107,-82,-81,-81,,,
7,7,3,-85,-86,-87,-83,-84,-83,-85,-82,-83,-74,-78,-77,-89,-89,-89,-80,-84,-86,-88,-87,-88
7,7,2,-120,-120,-91,-90,-106,-92,-83,-88,-85,-79,-83,-84,-90,-106,-120,-88,-86,-92,-94,-110,-90
7,7,3,-86,-86,-87,-84,-79,-86,-81,-82,-81,-76,-78,-79,-86,-85,-87,-80,-82,-83,-90,-92,-89
7,7,3,-90,-90,-91,-85,-88,-87,-87,-85,-85,-74,-74,-72,-91,-107,-120,-79,-80,-78,-89,-88,-87
7,7,2,,,,-105,-120,-120,-102,-87,-85,-84,-90,-88,-89,-105,-120,-85,-86,-88,,,
7,7,3,,,,-85,-84,-85,-81,-80,-80,-74,-74,-74,-88,-87,-87,-83,-85,-85,-88,-88,-88
7,7,3,-92,-92,-92,-87,-87,-85,-83,-82,-85,-74,-75,-76,,,,-79,-79,-79,-89,-89,-88
7,7,2,,,,-84,-87,-93,-89,-89,-105,-77,-93,-79,-93,-93,-89,-85,-83,-85,,,
7,7,3,-92,-92,-91,-83,-82,-83,-82,-82,-81,-80,-80,-79,-86,-84,-86,-82,-82,-81,-91,-88,-87
4,7,2,-90,-87,-91,-90,-84,-86,-85,-84,-80,-87,-87,-82,-88,-88,-88,-82,-82,-82,-89,-90,-88
7,7,3,,,,-83,-83,-83,-83,-83,-84,-77,-78,-76,-89,-105,-90,-84,-85,-85,-89,-89,-90
7,7,3,-92,-92,-92,-82,-78,-84,-84,-84,-84,-73,-73,-74,-88,-86,-91,-79,-80,-82,-85,-90,-89
5,7,3,,,,-81,-80,-81,-83,-83,-80,-85,-83,-81,-86,-84,-84,-75,-78,-77,-89,-90,-88
7,7,2,,,,-84,-82,-81,-90,-90,-85,-83,-77,-76,,,,-88,-85,-85,-94,-94,-89
7,7,2,-87,-88,-87,-85,-87,-86,-81,-79,-79,-79,-77,-78,-89,-87,-87,-80,-83,-86,-91,-91,-90
7,7,3,-91,-89,-89,-81,-80,-80,-85,-84,-82,-76,-75,-79,-89,-89,-89,-83,-81,-81,-88,-88,-88
8,7,1,,,,,,,-89,-89,-90,-76,-79,-76,,,,,,,-90,-89,-89
4,7,3,-89,-90,-93,-81,-81,-82,-78,-78,-78,-81,-79,-77,-85,-85,-86,-76,-76,-77,-92,-89,-88
7,7,2,-94,-94,-89,-83,-82,-82,-87,-92,-88,-79,-79,-75,,,,-83,-81,-83,-88,-89,-89
7,7,3,-88,-88,-88,-85,-85,-85,-86,-90,-85,-79,-75,-75,,,,-85,-84,-85,-87,-91,-107
4,7,3,-90,-106,-91,-80,-81,-82,-78,-82,-84,-79,-82,-83,-91,-90,-91,-76,-77,-77,-86,-84,-82
7,7,2,-90,-87,-89,-85,-85,-83,-81,-85,-84,-82,-82,-82,-91,-107,-89,-84,-88,-81,,,
7,7,3,-85,-87,-88,-83,-85,-84,-84,-84,-84,-80,-81,-80,-88,-88,-87,-80,-80,-79,-87,-88,-90
7,7,1,,,,-90,-90,-106,-90,-89,-90,-81,-79,-78,,,,-92,-92,-108,,,
4,7,3,-88,-89,-88,-83,-83,-82,-89,-87,-87,-81,-83,-84,-89,-90,-88,-76,-75,-75,-85,-84,-84
7,7,2,,,,-85,-85,-87,-87,-87,-89,-76,-79,-77,-93,-93,-89,-84,-86,-86,-89,-89,-105
4,7,2,-86,-88,-104,-90,-90,-89,-79,-78,-94,-82,-87,-77,-90,-85,-87,-88,-81,-81,-88,-104,-120
7,7,3,-90,-89,-87,-84,-84,-83,-82,-83,-84,-72,-72,-72,,,,-86,-86,-86,-90,-90,-90
7,7,3,-90,-88,-87,-82,-82,-79,-83,-83,-81,-79,-82,-84,-83,-84,-84,-84,-85,-85,-92,-88,-86
7,7,3,-88,-90,-90,-81,-82,-84,-88,-84,-87,-80,-79,-80,-87,-86,-90,-75,-76,-75,-88,-86,-85
7,7,1,,,,,,,-89,-92,-90,-81,-80,-80,,,,-105,-120,-120,,,
7,7,2,-94,-89,-105,-89,-92,-79,-81,-85,-101,-80,-79,-80,-89,-86,-92,-85,-84,-84,-91,-87,-82
7,7,2,-89,-89,-90,-81,-82,-83,-89,-105,-120,-93,-78,-76,-91,-88,-88,-84,-84,-85,-89,-88,-87
7,7,3,-87,-88,-88,-83,-83,-83,-83,-84,-83,-72,-72,-71,,,,-87,-89,-89,-91,-91,-91
5,7,3,,,,-80,-81,-84,-83,-87,-84,-81,-78,-78,,,,-78,-77,-77,-85,-82,-84
7,7,2,-88,-89,-90,-87,-83,-81,-84,-83,-80,-75,-73,-74,-88,-88,-89,-83,-82,-82,-87,-86,-88
2,7,3,-86,-85,-86,-81,-81,-84,-84,-84,-82,-76,-76,-77,-92,-108,-89,-82,-82,-83,-89,-89,-86
7,7,3,-90,-90,-106,-80,-81,-81,-87,-84,-81,-75,-76,-76,-88,-86,-85,-79,-81,-77,-88,-89,-88
7,7,3,-84,-85,-84,-81,-81,-81,-78,-79,-81,-77,-73,-75,,,,-83,-85,-85,-88,-90,-87
7,7,3,-87,-90,-88,-83,-85,-85,-83,-83,-84,-80,-75,-75,-89,-89,-86,-87,-82,-82,-87,-87,-86
7,7,3,-93,-89,-90,-84,-80,-79,-81,-81,-81,-78,-77,-76,-85,-86,-86,-75,-80,-79,-88,-85,-87
5,7,2,-120,-120,-120,-84,-84,-84,-84,-100,-86,-81,-78,-78,-87,-87,-89,-83,-99,-115,,,
8,7,3,-90,-88,-88,-82,-81,-81,-85,-77,-77,-76,-75,-75,-87,-86,-85,-84,-82,-81,-83,-86,-87
7,7,3,,,,-81,-81,-79,-83,-84,-85,-78,-74,-73,-87,-87,-89,-74,-75,-75,-85,-86,-85
7,7,2,-87,-87,-103,-93,-91,-89,-88,-104,-120,-91,-79,-80,-90,-90,-106,-85,-83,-89,,,
7,7,2,-93,-93,-87,-87,-83,-82,-88,-86,-87,-74,-73,-74,-91,-91,-107,-85,-84,-87,-89,-88,-86
7,7,3,-87,-88,-88,-82,-83,-79,-80,-82,-84,-76,-71,-72,,,,-84,-84,-85,-90,-88,-89
7,7,3,-88,-90,-86,-85,-85,-84,-88,-85,-85,-75,-76,-78,-85,-85,-86,-81,-80,-80,-86,-87,-85
7,7,3,,,,-80,-82,-81,-82,-82,-81,-73,-73,-73,-87,-86,-86,-78,-78,-77,-87,-85,-84
7,7,1,,,,,,,-92,-89,-105,-80,-80,-82,,,,-90,-90,-106,,,
7,7,3,-91,-107,-120,-82,-82,-85,-82,-83,-81,-77,-76,-76,-92,-108,-88,-82,-81,-81,-90,-90,-90
7,7,3,-89,-88,-104,-81,-81,-82,-84,-84,-81,-75,-78,-79,-88,-87,-92,-76,-79,-79,-85,-85,-83
7,7,2,-93,-89,-95,-87,-85,-90,-90,-90,-94,-81,-80,-81,-90,-90,-89,-83,-85,-101,-91,-90,-106
7,7,3,-92,-108,-91,-81,-81,-81,-81,-80,-80,-75,-76,-77,-90,-87,-87,-76,-75,-79,-85,-85,-83
5,7,2,,,,-85,-85,-87,-87,-86,-84,-81,-76,-81,-89,-105,-120,-89,-82,-81,,,
7,7,3,-87,-92,-108,-84,-81,-81,-86,-88,-87,-75,-72,-71,,,,-87,-86,-86,-89,-88,-87
7,7,3,-90,-106,-90,-83,-82,-84,-81,-81,-79,-75,-79,-80,-84,-86,-87,-81,-81,-81,-86,-87,-88
7,7,1,,,,-120,-120,-90,-90,-92,-108,-78,-80,-82,,,,-91,-91,-91,,,
7,7,3,-87,-85,-85,-84,-82,-82,-79,-76,-79,-74,-75,-80,-86,-83,-85,-77,-75,-74,-85,-86,-86
7,7,2,,,,-85,-101,-87,-82,-86,-89,-87,-87,-77,-106,-120,-87,-83,-84,-85,-89,-87,-86
4,7,3,-92,-92,-92,-81,-82,-83,-77,-78,-81,-73,-75,-77,-92,-86,-86,-86,-84,-83,-87,-90,-91
7,7,3,-85,-88,-86,-79,-84,-79,-85,-83,-83,-72,-70,-71,-87,-87,-88,-77,-79,-77,-88,-104,-120
7,7,2,-90,-90,-106,-86,-86,-88,-87,-86,-85,-76,-77,-77,-108,-90,-88,-83,-82,-83,-88,-91,-90
7,7,3,-88,-86,-89,-82,-80,-81,-83,-83,-87,-79,-82,-80,-88,-89,-89,-83,-82,-84,-92,-108,-91
7,7,3,-88,-88,-91,-83,-86,-84,-87,-80,-80,-75,-72,-75,-106,-91,-90,-81,-80,-81,-84,-85,-86
7,7,2,-106,-120,-120,-87,-85,-85,-85,-81,-78,-77,-81,-79,-91,-89,-89,-83,-84,-83,-90,-89,-105
7,7,3,-88,-87,-103,-82,-83,-80,-85,-84,-84,-80,-77,-76,-86,-87,-89,-82,-84,-85,-89,-89,-91
7,7,3,-92,-91,-90,-86,-85,-85,-80,-88,-83,-77,-74,-73,-89,-89,-89,-81,-81,-81,-87,-89,-89
7,7,2,-91,-107,-94,-84,-86,-87,-83,-82,-84,-81,-81,-81,-89,-89,-90,-83,-85,-84,-90,-92,-88
7,7,3,-89,-88,-87,-83,-84,-83,-84,-82,-81,-81,-79,-78,-87,-86,-85,-81,-82,-82,-90,-90,-106
8,7,2,,,,-83,-82,-82,-87,-87,-89,-79,-78,-77,,,,-89,-88,-89,-88,-88,-91
7,7,3,-87,-88,-86,-81,-80,-78,-83,-83,-85,-71,-71,-71,-94,-92,-88,-83,-83,-83,-88,-89,-89
7,7,3,-90,-88,-88,-84,-83,-85,-84,-84,-84,-75,-73,-73,-89,-88,-88,-82,-81,-81,-88,-87,-87
7,7,2,-92,-108,-120,-89,-105,-87,-92,-93,-109,-83,-85,-83,-90,-89,-89,-87,-86,-86,-89,-105,-90
5,7,3,-86,-91,-107,-85,-84,-81,-82,-83,-82,-79,-73,-73,-87,-85,-86,-87,-86,-85,-90,-90,-88
7,7,3,-93,-90,-90,-85,-81,-78,-81,-86,-84,-74,-75,-76,-87,-88,-88,-80,-78,-81,-91,-86,-82
7,7,3,-91,-91,-92,-82,-81,-81,-86,-83,-83,-69,-70,-71,-92,-95,-111,-86,-86,-86,-88,-88,-85
7,7,2,-91,-89,-92,-90,-87,-84,-80,-80,-82,-72,-75,-76,-93,-109,-120,-81,-89,-89,-89,-89,-91
